Id	Ctrl1	Ctrl3	Ctrl4	RNAi1	RNAi3	RNAi4	norm.Ctrl1	norm.Ctrl3	norm.Ctrl4	norm.RNAi1	norm.RNAi3	norm.RNAi4	baseMean	Untreated	RNAi	FoldChange	log2FoldChange	stat	pvalue	padj	dispGeneEst	dispFit	dispMAP	dispersion	betaConv	maxCooks
FBtr0342811	14657	4680	4083	697	184	220	7585	7010	5752	356	253	273	3538.06	6782	294	0.044	-4.522	-18.757	1.70039738201916e-78	1.68126791147144e-74	0.0242	0.0899	0.0401	0.0401	TRUE	0.3112
FBtr0084549	2490	751	893	81	37	54	1289	1125	1258	41	51	67	638.44	1224	53	0.043	-4.556	-17.341	2.31222544502128e-67	1.52414193917653e-63	0.0132	0.0958	0.0398	0.0398	TRUE	0.4587
FBtr0300190	2405	797	746	111	24	47	1245	1194	1051	57	33	58	606.21	1163	49	0.043	-4.537	-16.345	4.73176489395582e-60	2.33926626944941e-56	0.0142	0.0962	0.0451	0.0451	TRUE	0.5271
FBtr0075753	7338	2709	2390	1327	534	573	3798	4058	3367	678	733	711	2223.96	3741	707	0.189	-2.404	-14.574	4.08812307910116e-48	1.34737723148709e-44	0.005	0.0907	0.0187	0.0187	TRUE	0.0921
FBtr0085755	767	320	331	46	14	28	397	479	466	23	19	35	236.66	447	26	0.057	-4.124	-13.797	2.64100602120148e-43	7.46084200989417e-40	0.0104	0.1079	0.0443	0.0443	TRUE	0.4252
FBtr0070985	1416	399	365	105	37	37	733	598	514	54	51	46	332.49	615	50	0.082	-3.612	-13.583	5.02743252815507e-42	1.24271847805333e-38	0.0206	0.1024	0.0402	0.0402	TRUE	0.1115
FBtr0071835	712	282	257	51	25	28	368	422	362	26	34	35	208	384	32	0.08	-3.635	-13.505	1.46047839877873e-41	3.20899559287215e-38	0	0.1106	0.0351	0.0351	TRUE	0.2864
FBtr0077645	5327	1953	2038	666	157	166	2757	2925	2871	340	216	206	1552.44	2851	254	0.09	-3.48	-12.817	1.32195116523555e-37	2.6141584292533e-34	0.0364	0.0916	0.0509	0.0509	TRUE	1.0559
FBtr0113470	1730	560	550	123	76	61	895	839	775	63	104	76	458.62	836	81	0.095	-3.392	-12.681	7.54912819535568e-37	1.35712736421053e-33	0.0218	0.0986	0.0446	0.0446	TRUE	0.5395
FBtr0072393	1894	668	784	266	128	145	980	1001	1104	136	176	180	596.11	1028	164	0.158	-2.661	-12.507	6.84026402960586e-36	9.66187294181828e-33	0.0097	0.0963	0.029	0.029	TRUE	0.2834
FBtr0100457	3087	886	832	236	55	53	1598	1327	1172	121	76	66	726.41	1366	88	0.065	-3.948	-12.342	5.40570206813896e-35	7.12651722649653e-32	0.0593	0.0949	0.0676	0.0676	TRUE	0.5873
FBtr0290019	6546	2254	2494	1907	616	815	3388	3376	3513	974	846	1011	2184.65	3426	944	0.276	-1.859	-11.789	4.44195316947585e-32	4.62313810138868e-29	0.0026	0.0907	0.0172	0.0172	TRUE	0.0944
FBtr0334282	323	123	139	24	5	10	167	184	196	12	7	12	96.45	182	10	0.06	-4.058	-11.306	1.23092771142514e-29	1.15912359492534e-26	0	0.136	0.0471	0.0471	TRUE	0.1914
FBtr0076459	537	186	188	51	25	31	278	279	265	26	34	38	153.36	274	33	0.117	-3.095	-11.28	1.64202192703949e-29	1.47595380032754e-26	0	0.1184	0.0371	0.0371	TRUE	0.399
FBtr0083967	853	252	289	129	52	65	441	377	407	66	71	81	240.66	408	73	0.176	-2.507	-11.264	1.96868448513002e-29	1.69264068232375e-26	0	0.1076	0.0275	0.0275	TRUE	0.0853
FBtr0302694	3011	1195	1189	564	253	314	1558	1790	1675	288	347	390	1008.01	1674	342	0.203	-2.298	-11.202	4.00676664396425e-29	3.30140876601638e-26	0.0109	0.0932	0.0285	0.0285	TRUE	0.2367
FBtr0074337	2035	1505	1137	148	85	70	1053	2254	1602	76	117	87	864.7	1636	93	0.057	-4.144	-11.155	6.73775417712092e-29	5.32956355410265e-26	0.0934	0.0939	0.0935	0.0935	TRUE	0.0652
FBtr0073421	11202	3237	3837	126	32	151	5797	4848	5405	64	44	187	2724.42	5350	98	0.018	-5.767	-10.93	8.29752093332068e-28	6.07716579468209e-25	0.2629	0.0903	0.1953	0.1953	TRUE	5.5425
FBtr0072087	1737	669	614	434	159	140	899	1002	865	222	218	174	563.26	922	205	0.223	-2.168	-10.68	1.25804228515155e-26	8.8849236388828e-24	0.0071	0.0968	0.0266	0.0266	TRUE	0.1791
FBtr0078144	10951	3766	2396	1164	483	449	5667	5641	3375	594	663	557	2749.68	4894	605	0.124	-3.017	-10.674	1.35198252195442e-26	9.2191221971202e-24	0.045	0.0903	0.0566	0.0566	TRUE	0.8957
FBtr0074916	835	373	574	112	42	38	432	559	809	57	58	47	326.9	600	54	0.09	-3.467	-10.348	4.27872061612986e-25	2.72940968335381e-22	0.0582	0.1026	0.0706	0.0706	TRUE	0.1493
FBtr0089484	1395	441	446	213	51	49	722	661	628	109	70	61	375.06	670	80	0.121	-3.045	-10.208	1.83090925580324e-24	1.13144470417216e-21	0.0381	0.1008	0.057	0.057	TRUE	1.1284
FBtr0302938	672	245	279	175	49	55	348	367	393	89	67	68	222.11	369	75	0.206	-2.276	-9.535	1.49370826511818e-21	7.98326511965188e-19	0.0069	0.1092	0.033	0.033	TRUE	0.3334
FBtr0071240	288	93	117	41	10	15	149	139	165	21	14	19	84.41	151	18	0.121	-3.043	-9.403	5.29082078136224e-21	2.75331528819574e-18	0	0.1428	0.0458	0.0458	TRUE	0.2137
FBtr0085735	202	73	73	7	6	4	105	109	103	4	8	5	55.58	106	6	0.048	-4.378	-9.271	1.84398920404647e-20	9.34997090000487e-18	0	0.1708	0.0654	0.0654	TRUE	0.5957
FBtr0310637	676	488	515	74	44	34	350	731	725	38	60	42	324.44	602	47	0.077	-3.697	-9.126	7.08105206988349e-20	3.33399534957014e-17	0.1081	0.1027	0.1064	0.1064	TRUE	1.6328
FBtr0085156	1670	905	986	223	29	44	864	1355	1389	114	40	55	636.17	1203	70	0.059	-4.091	-9.053	1.38475842807295e-19	6.22354498071422e-17	0.1643	0.0958	0.1394	0.1394	TRUE	3.3022
FBtr0089361	1070	395	364	354	105	126	554	592	513	181	144	156	356.57	553	160	0.292	-1.774	-8.716	2.88649698752964e-18	1.24087995496519e-15	0.005	0.1015	0.0257	0.0257	TRUE	0.1518
FBtr0333020	3063	1107	1432	1020	403	351	1585	1658	2017	521	553	435	1128.37	1753	503	0.287	-1.8	-8.552	1.21272946304288e-17	4.99619273576521e-15	0.0141	0.0927	0.0306	0.0306	TRUE	0.2075
FBtr0334867	2134	498	661	115	48	111	1104	746	931	59	66	138	507.3	927	88	0.094	-3.417	-8.503	1.85302352157482e-17	7.32870802782841e-15	0.1162	0.0976	0.1099	0.1099	TRUE	0.4937
FBtr0333662	1167	526	369	279	70	85	604	788	520	142	96	105	375.94	637	114	0.182	-2.46	-8.39	4.86443014854183e-17	1.88615894485127e-14	0.0383	0.1008	0.0567	0.0567	TRUE	0.2226
FBtr0089348	4028	1083	1041	791	192	201	2085	1622	1466	404	264	249	1015.02	1724	306	0.178	-2.491	-8.349	6.86943047228607e-17	2.56307523753693e-14	0.0535	0.0931	0.0621	0.0621	TRUE	0.8115
FBtr0344980	3769	1765	1589	1402	539	520	1951	2644	2238	716	740	645	1488.97	2278	700	0.308	-1.7	-8.331	7.98536455485713e-17	2.92427007541296e-14	0.0128	0.0917	0.029	0.029	TRUE	0.127
FBtr0334328	4054	1305	1560	879	484	482	2098	1955	2198	449	665	598	1326.96	2084	571	0.273	-1.873	-8.254	1.52702965746264e-16	5.39232347791496e-14	0.0188	0.0921	0.0359	0.0359	TRUE	0.4292
FBtr0302896	389	119	131	96	34	35	201	178	185	49	47	43	117.21	188	46	0.247	-2.015	-8.201	2.39099096158559e-16	8.29506074830789e-14	0	0.1276	0.0301	0.0301	TRUE	0.0476
FBtr0335024	11505	3315	2192	1655	561	471	5954	4965	3088	845	770	584	2701.18	4669	733	0.157	-2.67	-8.158	3.40641838793799e-16	1.14172751900803e-13	0.0642	0.0903	0.0764	0.0764	TRUE	0.1572
FBtr0087390	1565	481	607	602	195	219	810	720	855	307	268	272	538.72	795	282	0.356	-1.49	-8.049	8.36948202891126e-16	2.758441785362e-13	0.0049	0.0971	0.0222	0.0222	TRUE	0.0767
FBtr0072561	489	144	169	85	42	50	253	216	238	43	58	62	144.99	236	54	0.226	-2.145	-8.021	1.05249933886328e-15	3.35696361710021e-13	0.0096	0.1201	0.0399	0.0399	TRUE	0.3793
FBtr0072956	13495	5763	5087	1100	962	905	6984	8632	7166	562	1321	1123	4297.9	7594	1002	0.132	-2.924	-8.022	1.03922136324799e-15	3.35696361710021e-13	0.0835	0.0897	0.0951	0.0951	TRUE	1.8007
FBtr0085094	101410	46896	59580	17936	10031	12131	52483	70240	83930	9159	13775	15050	40772.89	68884	12661	0.184	-2.444	-7.97	1.58464500718292e-15	4.97402460587971e-13	0.0561	0.0888	0.0677	0.0677	TRUE	0.1249
FBtr0087789	449	150	170	108	42	59	232	225	239	55	58	73	147.09	232	62	0.265	-1.918	-7.951	1.84502124717462e-15	5.7008273691997e-13	0	0.1197	0.0315	0.0315	TRUE	0.1946
FBtr0071934	2632	870	1155	680	347	348	1362	1303	1627	347	477	432	924.63	1431	419	0.292	-1.778	-7.931	2.17595101657272e-15	6.61991251580393e-13	0.0173	0.0936	0.0346	0.0346	TRUE	0.2742
FBtr0075204	605	229	200	194	65	65	313	343	282	99	89	81	201.13	313	90	0.289	-1.791	-7.911	2.55813160846982e-15	7.66470493295314e-13	0	0.1113	0.0296	0.0296	TRUE	0.1037
FBtr0087115	234	75	81	40	9	10	121	112	114	20	12	12	65.46	116	15	0.137	-2.869	-7.899	2.82202958022471e-15	8.28068041351832e-13	0	0.1584	0.0601	0.0601	TRUE	0.7734
FBtr0330118	573	169	182	148	37	48	297	253	256	76	51	60	165.33	269	62	0.234	-2.094	-7.838	4.59449731586791e-15	1.31675629596069e-12	0.0135	0.1163	0.0415	0.0415	TRUE	0.4158
FBtr0306255	2465	881	841	988	326	440	1276	1320	1185	505	448	546	879.68	1260	500	0.397	-1.334	-7.694	1.42512771148991e-14	3.80836493171798e-12	0.0034	0.0938	0.0202	0.0202	TRUE	0.0894
FBtr0112532	266	48	85	11	1	1	138	72	120	6	1	1	56.25	110	3	0.03	-5.055	-7.688	1.49868438755679e-14	3.95153116852475e-12	0.1607	0.1698	0.1656	0.1656	TRUE	1.1489
FBtr0080838	2191	715	503	467	182	189	1134	1071	709	238	250	234	606.05	971	241	0.248	-2.013	-7.675	1.65191586061907e-14	4.2982415978608e-12	0.0313	0.0962	0.0468	0.0468	TRUE	0.6573
FBtr0070393	620	205	228	153	71	86	321	307	321	78	98	107	205.24	316	94	0.294	-1.767	-7.672	1.69269094598086e-14	4.34713811126903e-12	0.0047	0.1109	0.0311	0.0311	TRUE	0.2803
FBtr0079077	273	93	106	73	25	28	141	139	149	37	34	35	89.37	143	35	0.249	-2.004	-7.644	2.09782061456421e-14	5.31851316064196e-12	0	0.1397	0.0321	0.0321	TRUE	0.023
FBtr0077234	5787	2197	2095	2058	925	1043	2995	3291	2951	1051	1270	1294	2141.99	3079	1205	0.391	-1.355	-7.638	2.19793345541366e-14	5.50178912415254e-12	0.0071	0.0908	0.0221	0.0221	TRUE	0.1551
FBtr0100375	843	511	549	253	96	101	436	765	773	129	132	125	393.56	658	129	0.196	-2.35	-7.591	3.18534497920508e-14	7.77656752639265e-12	0.0514	0.1002	0.0643	0.0643	TRUE	1.0664
FBtr0113113	1036	245	293	234	89	92	536	367	413	119	122	114	278.62	439	118	0.269	-1.892	-7.591	3.17744271705454e-14	7.77656752639265e-12	0.0202	0.105	0.0392	0.0392	TRUE	0.361
FBtr0087307	1934	837	913	707	302	247	1001	1254	1286	361	415	306	770.48	1180	361	0.306	-1.709	-7.539	4.72216394653455e-14	1.11167609574667e-11	0.0173	0.0946	0.0351	0.0351	TRUE	0.2178
FBtr0087295	2017	574	676	724	217	235	1044	860	952	370	298	292	635.85	952	320	0.337	-1.57	-7.531	5.03871533958823e-14	1.1722423040042e-11	0.012	0.0958	0.0291	0.0291	TRUE	0.2259
FBtr0299968	2277	879	1073	492	294	283	1178	1317	1512	251	404	351	835.43	1336	335	0.25	-1.999	-7.517	5.60105269600199e-14	1.28791647748185e-11	0.0317	0.0941	0.049	0.049	TRUE	0.4364
FBtr0110971	349	96	80	49	12	19	181	144	113	25	16	24	83.7	146	22	0.151	-2.729	-7.474	7.75695785645876e-14	1.743111836494e-11	0.0382	0.1432	0.0701	0.0701	TRUE	0.0824
FBtr0082139	749	168	148	94	30	41	388	252	208	48	41	51	164.63	283	47	0.165	-2.601	-7.461	8.60676039537411e-14	1.91234479571374e-11	0.0587	0.1164	0.0748	0.0748	TRUE	0.3885
FBtr0088370	182	50	59	25	6	8	94	75	83	13	8	10	47.19	84	10	0.127	-2.974	-7.444	9.75523450524182e-14	2.14344180379063e-11	0	0.1854	0.0646	0.0646	TRUE	0.2963
FBtr0111030	6171	1226	985	666	132	170	3194	1836	1388	340	181	211	1191.63	2139	244	0.114	-3.128	-7.406	1.3020355999374e-13	2.82942351524859e-11	0.1531	0.0925	0.1261	0.1261	TRUE	0.3161
FBtr0080932	703	221	329	129	50	86	364	331	463	66	69	107	233.25	386	81	0.207	-2.273	-7.372	1.68076716405377e-13	3.57388931926487e-11	0.0408	0.1082	0.0607	0.0607	TRUE	0.7082
FBtr0089963	1929	493	465	457	165	170	998	738	655	233	227	211	510.44	797	224	0.28	-1.836	-7.342	2.10377114259723e-13	4.42575258987876e-11	0.0257	0.0976	0.0421	0.0421	TRUE	0.4554
FBtr0344554	450	60	65	15	5	4	233	90	92	8	7	5	72.3	138	7	0.048	-4.391	-7.332	2.26600093389336e-13	4.71685983870961e-11	0.1975	0.1518	0.1814	0.1814	TRUE	4.0696
FBtr0310653	230	121	95	42	7	18	119	181	134	21	10	22	81.25	145	18	0.127	-2.978	-7.32	2.4709392582474e-13	5.08987748248357e-11	0.0518	0.1449	0.0885	0.0885	TRUE	0.4953
FBtr0306556	753	193	246	208	57	63	390	289	347	106	78	78	214.66	342	87	0.258	-1.952	-7.251	4.12758656886192e-13	8.41474478342728e-11	0.0226	0.1099	0.0449	0.0449	TRUE	0.2214
FBtr0079708	1154	377	462	492	158	207	597	565	651	251	217	257	422.96	604	242	0.401	-1.319	-7.076	1.48686755551087e-12	2.91116890200272e-10	0.0022	0.0994	0.022	0.022	TRUE	0.0801
FBtr0336616	936	502	401	267	133	125	484	752	565	136	183	155	379.21	600	158	0.263	-1.929	-6.985	2.84636707044822e-12	5.46474842894306e-10	0.0341	0.1007	0.0508	0.0508	TRUE	0.2596
FBtr0332260	1986	872	973	561	304	315	1028	1306	1371	286	417	391	799.88	1235	365	0.295	-1.762	-6.917	4.60999907043245e-12	8.76564727094247e-10	0.0295	0.0944	0.0449	0.0449	TRUE	0.4341
FBtr0088774	6303	3418	3043	2674	1026	1023	3262	5119	4287	1365	1409	1269	2785.28	4223	1348	0.319	-1.647	-6.88	5.98176014512776e-12	1.12656482733239e-09	0.0249	0.0903	0.0408	0.0408	TRUE	0.107
FBtr0343497	396	313	222	98	25	17	205	469	313	50	34	21	181.99	329	35	0.109	-3.196	-6.842	7.78502548079156e-12	1.39953526256957e-09	0.1564	0.1137	0.1413	0.1413	TRUE	0.0983
FBtr0070457	2875	973	879	1230	375	425	1488	1457	1238	628	515	527	975.64	1394	557	0.4	-1.322	-6.811	9.66510195697521e-12	1.72186838918184e-09	0.01	0.0933	0.0258	0.0258	TRUE	0.1548
FBtr0303384	3045	1221	589	552	125	122	1576	1829	830	282	172	151	806.55	1412	202	0.143	-2.802	-6.796	1.07536589798097e-11	1.8818903214667e-09	0.1241	0.0943	0.1195	0.1195	TRUE	0.3171
FBtr0073423	3319	583	819	387	113	51	1718	873	1154	198	155	63	693.45	1248	139	0.112	-3.165	-6.609	3.87048318678282e-11	6.37823375155252e-09	0.1985	0.0952	0.1611	0.1611	TRUE	0.3216
FBtr0308065	2958	770	925	935	214	264	1531	1153	1303	477	294	328	847.68	1329	366	0.276	-1.855	-6.607	3.93305963252198e-11	6.38207239154354e-09	0.0432	0.094	0.055	0.055	TRUE	0.5498
FBtr0081958	118	26	37	3	3	1	61	39	52	2	4	1	26.5	51	2	0.041	-4.626	-6.569	5.06637794337572e-11	8.01500990642039e-09	0	0.261	0.1281	0.1281	TRUE	0.2334
FBtr0100595	654	213	250	191	64	109	338	319	352	98	88	135	221.72	336	107	0.317	-1.659	-6.558	5.46441718765439e-11	8.57609919729092e-09	0.0112	0.1092	0.0397	0.0397	TRUE	0.483
FBtr0334309	1029	213	282	103	77	41	533	319	397	53	106	51	243	416	70	0.166	-2.595	-6.488	8.72590604132762e-11	1.33763404625778e-08	0.106	0.1074	0.1065	0.1065	TRUE	0.4304
FBtr0087621	32132	11581	8259	10607	3567	3151	16629	17346	11634	5416	4898	3909	9972.28	15203	4741	0.312	-1.681	-6.44	1.19628583982284e-10	1.81973480634589e-08	0.0338	0.0891	0.0489	0.0489	TRUE	0.5151
FBtr0344981	3763	509	490	273	116	118	1947	762	690	139	159	146	640.87	1133	148	0.131	-2.936	-6.424	1.32474649340776e-10	1.98461075054079e-08	0.1724	0.0958	0.1466	0.1466	TRUE	4.7877
FBtr0078191	6756	1661	1732	1965	769	825	3496	2488	2440	1003	1056	1024	1917.85	2808	1028	0.366	-1.452	-6.409	1.4666323146063e-10	2.16437716577162e-08	0.0219	0.091	0.0363	0.0363	TRUE	0.5634
FBtr0301915	4064	1262	1125	1220	579	587	2103	1890	1585	623	795	728	1287.43	1859	715	0.384	-1.381	-6.409	1.46445216340332e-10	2.16437716577162e-08	0.0157	0.0922	0.0324	0.0324	TRUE	0.1463
FBtr0343580	1332	617	501	500	230	207	689	924	706	255	316	257	524.54	773	276	0.357	-1.487	-6.39	1.65549079097129e-10	2.40715664643068e-08	0.0185	0.0973	0.0364	0.0364	TRUE	0.3384
FBtr0112851	2172	620	628	735	213	187	1124	929	885	375	293	232	639.53	979	300	0.307	-1.702	-6.338	2.32535066840223e-10	3.3081877314859e-08	0.034	0.0958	0.0497	0.0497	TRUE	0.5839
FBtr0332042	1918	701	584	656	251	345	993	1050	823	335	345	428	662.16	955	369	0.386	-1.374	-6.313	2.73794100205388e-10	3.8673416654011e-08	0.0144	0.0955	0.0321	0.0321	TRUE	0.2171
FBtr0073339	2093	491	684	675	197	192	1083	735	964	345	271	238	605.93	927	285	0.307	-1.701	-6.283	3.32502212211322e-10	4.63044453977387e-08	0.0331	0.0962	0.0504	0.0504	TRUE	0.217
FBtr0345487	342	117	96	82	39	26	177	175	135	42	54	32	102.53	162	43	0.26	-1.942	-6.271	3.5973462740677e-10	4.97465192795026e-08	0.0162	0.1332	0.054	0.054	TRUE	0.2919
FBtr0085377	345	180	185	141	46	54	179	270	261	72	63	67	151.82	237	67	0.288	-1.794	-6.24	4.37248797885793e-10	5.92232532752846e-08	0.0276	0.1187	0.0497	0.0497	TRUE	0.5632
FBtr0337056	1895	422	300	302	94	91	981	632	423	154	129	113	405.27	679	132	0.195	-2.36	-6.221	4.92683760214419e-10	6.58298740421632e-08	0.0984	0.0999	0.0989	0.0989	TRUE	0.1378
FBtr0113011	482	201	142	149	32	39	249	301	200	76	44	48	153.16	250	56	0.229	-2.128	-6.204	5.50325749393855e-10	7.3038199290359e-08	0.0522	0.1185	0.0737	0.0737	TRUE	0.2344
FBtr0087533	10009	3582	3867	3701	1795	2074	5180	5365	5447	1890	2465	2573	3820.07	5331	2309	0.433	-1.208	-6.083	1.1782947462908e-09	1.52292670639873e-07	0.0125	0.0898	0.0281	0.0281	TRUE	0.3105
FBtr0446106	218	189	186	60	26	30	113	283	262	31	36	37	126.91	219	35	0.157	-2.668	-6.029	1.65439693108323e-09	2.12439605923188e-07	0.1233	0.1246	0.1238	0.1238	TRUE	1.8028
FBtr0072864	3477	897	1005	1324	385	448	1799	1344	1416	676	529	556	1053.22	1520	587	0.387	-1.371	-6.026	1.68578834486279e-09	2.15073964642979e-07	0.0202	0.093	0.0361	0.0361	TRUE	0.3182
FBtr0089359	872	163	174	152	42	56	451	244	245	78	58	69	190.88	313	68	0.218	-2.198	-6.02	1.74052450920356e-09	2.20633795958336e-07	0.0763	0.1126	0.0868	0.0868	TRUE	1.7604
FBtr0071935	46352	12878	17184	18532	7650	8921	23989	19288	24207	9463	10506	11067	16420.08	22495	10345	0.46	-1.121	-5.999	1.98913742267736e-09	2.50542627601559e-07	0.0106	0.0889	0.0251	0.0251	TRUE	0.19
FBtr0308562	752	144	148	78	50	40	389	216	208	40	69	50	161.91	271	53	0.191	-2.387	-5.988	2.11786698601617e-09	2.63401381436917e-07	0.0962	0.1169	0.1026	0.1026	TRUE	1.718
FBtr0089877	1391	371	390	498	162	209	720	556	549	254	222	259	426.84	608	245	0.403	-1.312	-5.938	2.8925743941018e-09	3.53090485452859e-07	0.0143	0.0993	0.0322	0.0322	TRUE	0.3165
FBtr0302645	1514	643	413	557	178	188	784	963	582	284	244	233	515.09	776	254	0.328	-1.608	-5.9	3.63730567401692e-09	4.35925573961724e-07	0.0352	0.0975	0.0508	0.0508	TRUE	0.0936
FBtr0329957	1727	846	995	765	322	355	894	1267	1402	391	442	440	805.97	1188	424	0.358	-1.484	-5.887	3.92548658679639e-09	4.6762950152951e-07	0.029	0.0943	0.0441	0.0441	TRUE	0.4156
FBtr0079632	2019	725	867	1117	359	459	1045	1086	1221	570	493	569	830.83	1117	544	0.488	-1.035	-5.857	4.69933856870771e-09	5.49878226012988e-07	0.0052	0.0941	0.021	0.021	TRUE	0.0783
FBtr0081352	681	241	215	255	55	63	352	361	303	130	76	78	216.7	339	95	0.283	-1.819	-5.831	5.51138978475853e-09	6.37355163705263e-07	0.0442	0.1097	0.0632	0.0632	TRUE	1.2237
FBtr0074338	11906	3679	4780	6308	2079	2577	6162	5510	6734	3221	2855	3197	4613.15	6135	3091	0.504	-0.989	-5.81	6.2491346479894e-09	7.14315824647343e-07	0.0068	0.0896	0.0206	0.0206	TRUE	0.0962
FBtr0307289	1257	577	579	209	185	130	651	864	816	107	254	161	475.41	777	174	0.223	-2.167	-5.801	6.60873185649744e-09	7.51078577369178e-07	0.0967	0.0982	0.0968	0.0968	TRUE	1.6604
FBtr0289981	1327	588	544	653	171	255	687	881	766	333	235	316	536.41	778	295	0.381	-1.393	-5.796	6.78088617086274e-09	7.61886500163697e-07	0.0203	0.0972	0.0392	0.0392	TRUE	0.3173
FBtr0072967	213	78	74	59	30	27	110	117	104	30	41	33	72.69	110	35	0.311	-1.686	-5.787	7.15289912745178e-09	7.98266429310908e-07	0	0.1515	0.0419	0.0419	TRUE	0.1624
FBtr0310438	458	189	199	203	86	91	237	283	280	104	118	113	189.18	267	112	0.418	-1.259	-5.787	7.18540705018163e-09	7.98266429310908e-07	0	0.1128	0.0275	0.0275	TRUE	0.1209
FBtr0330730	2611	1789	1703	979	493	381	1351	2680	2399	500	677	473	1346.57	2143	550	0.257	-1.963	-5.728	1.0176778220424e-08	1.08781507734532e-06	0.0799	0.092	0.0834	0.0834	TRUE	0.5844
FBtr0332203	2466	771	774	1029	303	259	1276	1155	1090	525	416	321	797.37	1174	421	0.36	-1.476	-5.725	1.03565883142806e-08	1.1010835156715e-06	0.0303	0.0944	0.0462	0.0462	TRUE	0.5731
FBtr0308034	623	213	199	177	78	111	322	319	280	90	107	138	209.5	307	112	0.36	-1.473	-5.707	1.14723266831844e-08	1.21318320941162e-06	0.0168	0.1104	0.0416	0.0416	TRUE	0.4
FBtr0082158	357	65	85	65	20	21	185	97	120	33	27	26	81.43	134	29	0.216	-2.21	-5.704	1.16850260060466e-08	1.22910313441261e-06	0.0635	0.1447	0.0869	0.0869	TRUE	0.3809
FBtr0112878	1457	182	199	153	38	41	754	273	280	78	52	51	248.02	436	60	0.139	-2.845	-5.693	1.249474564545e-08	1.3004399744146e-06	0.2036	0.1071	0.1702	0.1702	TRUE	4.8738
FBtr0290327	1622	656	672	707	164	297	839	983	947	361	225	368	620.56	923	318	0.346	-1.531	-5.673	1.40357319171877e-08	1.45317590922716e-06	0.0322	0.096	0.0503	0.0503	TRUE	0.7044
FBtr0081211	214	140	102	35	18	32	111	210	144	18	25	40	91.07	155	28	0.175	-2.519	-5.65	1.60171171713192e-08	1.63267263949916e-06	0.1116	0.1388	0.1208	0.1208	TRUE	0.2549
FBtr0087431	937	320	341	311	173	146	485	479	480	159	238	181	337.02	481	193	0.397	-1.333	-5.648	1.62644469175914e-08	1.64938173228394e-06	0.0154	0.1022	0.0363	0.0363	TRUE	0.4296
FBtr0306244	692	177	204	184	59	102	358	265	287	94	81	127	202.02	303	101	0.33	-1.602	-5.638	1.71632116892997e-08	1.73164546508113e-06	0.0283	0.1112	0.0512	0.0512	TRUE	0.4542
FBtr0075077	914	253	196	203	28	49	473	379	276	104	38	61	221.83	376	68	0.182	-2.455	-5.621	1.89812613952518e-08	1.89572951561164e-06	0.1413	0.1092	0.1285	0.1285	TRUE	0.2936
FBtr0301500	317	151	158	25	32	30	164	226	223	13	44	37	117.79	204	31	0.149	-2.746	-5.587	2.31161878608508e-08	2.27424186541455e-06	0.1707	0.1274	0.1546	0.1546	TRUE	2.6893
FBtr0086670	812	271	263	377	100	136	420	406	370	193	137	169	282.53	399	166	0.419	-1.254	-5.537	3.08048961466762e-08	2.92868664086789e-06	0.0104	0.1048	0.0325	0.0325	TRUE	0.2319
FBtr0308626	945	274	337	386	173	165	489	410	475	197	238	205	335.6	458	213	0.463	-1.112	-5.511	3.56431672428535e-08	3.35639824870204e-06	0.0058	0.1023	0.0257	0.0257	TRUE	0.1026
FBtr0302692	3397	573	578	566	190	228	1758	858	814	289	261	283	710.55	1143	278	0.243	-2.044	-5.496	3.89232373521319e-08	3.64790056226734e-06	0.098	0.0951	0.0973	0.0973	TRUE	2.6844
FBtr0077409	1633	576	600	160	144	194	845	863	845	82	198	241	512.2	851	174	0.202	-2.304	-5.488	4.05915030438957e-08	3.78630647496716e-06	0.1362	0.0976	0.1233	0.1233	TRUE	2.5323
FBtr0112577	1627	656	517	725	274	337	842	983	728	370	376	418	619.57	851	388	0.456	-1.133	-5.482	4.20135518410067e-08	3.90055393265684e-06	0.0116	0.096	0.0288	0.0288	TRUE	0.1272
FBtr0081354	1294	440	364	557	146	184	670	659	513	284	200	228	425.78	614	237	0.389	-1.363	-5.462	4.71334024918726e-08	4.35543473961113e-06	0.0237	0.0994	0.0418	0.0418	TRUE	0.3558
FBtr0303994	215	58	53	45	21	15	111	87	75	23	29	19	57.2	91	24	0.254	-1.975	-5.434	5.5140549856648e-08	5.04816839544081e-06	0.0257	0.1685	0.0681	0.0681	TRUE	0.2474
FBtr0076525	1992	741	873	1128	441	499	1031	1110	1230	576	606	619	861.88	1124	600	0.534	-0.904	-5.422	5.88763813074306e-08	5.36534765140295e-06	0.0041	0.0939	0.0187	0.0187	TRUE	0.0814
FBtr0074276	7023	2409	2575	3160	1418	1072	3635	3608	3627	1614	1947	1330	2626.84	3623	1630	0.45	-1.153	-5.419	5.98797002185442e-08	5.43174803587941e-06	0.0173	0.0904	0.0321	0.0321	TRUE	0.3438
FBtr0332500	3925	1171	1050	1639	436	563	2031	1754	1479	837	599	698	1233.08	1755	711	0.406	-1.301	-5.401	6.6382575858116e-08	5.96688835270111e-06	0.025	0.0923	0.0408	0.0408	TRUE	0.117
FBtr0078915	1729	518	658	839	320	386	895	776	927	428	439	479	657.39	866	449	0.518	-0.95	-5.382	7.38415869701442e-08	6.60731847210227e-06	0.0043	0.0956	0.0207	0.0207	TRUE	0.0946
FBtr0079148	121	19	45	4	5	4	63	28	63	2	7	5	28.06	51	5	0.081	-3.63	-5.38	7.44384336913971e-08	6.63072083895215e-06	0.1696	0.2514	0.2033	0.2033	TRUE	1.1487
FBtr0085249	1046	363	315	470	179	210	541	544	444	240	246	261	379.19	510	249	0.487	-1.038	-5.364	8.14973070532403e-08	7.19468413829387e-06	0.0052	0.1007	0.0238	0.0238	TRUE	0.1429
FBtr0076140	546	185	186	271	100	102	283	277	262	138	137	127	203.99	274	134	0.49	-1.03	-5.335	9.57216729705603e-08	8.3387492642856e-06	0	0.111	0.0211	0.0211	TRUE	0.0228
FBtr0079491	78175	22435	24152	25409	13185	13674	40458	33603	34023	12975	18107	16964	26021.57	36028	16015	0.444	-1.17	-5.328	9.93588916607957e-08	8.61764071312384e-06	0.0198	0.0888	0.0347	0.0347	TRUE	0.338
FBtr0071466	413	136	159	203	69	79	214	204	224	104	95	98	156.31	214	99	0.464	-1.108	-5.316	1.0591736103925e-07	9.06716802836005e-06	0	0.1179	0.0237	0.0237	TRUE	0.023
FBtr0077707	233	134	119	105	30	26	121	201	168	54	41	32	102.67	163	42	0.266	-1.912	-5.302	1.14268468746385e-07	9.61557008280749e-06	0.0556	0.1331	0.0785	0.0785	TRUE	0.1364
FBtr0301131	504	447	432	174	70	108	261	670	609	89	96	134	309.65	513	106	0.207	-2.271	-5.274	1.33181968475414e-07	1.1112546103803e-05	0.1391	0.1034	0.1276	0.1276	TRUE	1.1958
FBtr0087008	2280	834	908	1192	402	579	1180	1249	1279	609	552	718	931.21	1236	626	0.507	-0.98	-5.247	1.54946786951151e-07	1.28742550922647e-05	0.0072	0.0935	0.0239	0.0239	TRUE	0.188
FBtr0084659	937	316	360	349	167	202	485	473	507	178	229	251	353.92	488	219	0.446	-1.164	-5.237	1.63514828095967e-07	1.35293126594048e-05	0.0125	0.1015	0.0321	0.0321	TRUE	0.3383
FBtr0082183	2740	1006	1025	1033	290	569	1418	1507	1444	527	398	706	1000.06	1456	544	0.374	-1.42	-5.233	1.66763292279063e-07	1.36835854971721e-05	0.0389	0.0932	0.0518	0.0518	TRUE	0.7752
FBtr0310647	2609	1056	808	950	206	150	1350	1582	1138	485	283	186	837.37	1357	318	0.235	-2.088	-5.23	1.69156687105558e-07	1.38226177169934e-05	0.1255	0.0941	0.1128	0.1128	TRUE	0.7952
FBtr0290076	3256	826	756	1132	373	378	1685	1237	1065	578	512	469	924.41	1329	520	0.391	-1.355	-5.203	1.95733829128194e-07	1.59285451481895e-05	0.0326	0.0936	0.0474	0.0474	TRUE	0.3867
FBtr0087257	8402	2781	2910	4789	1464	1974	4348	4165	4099	2445	2010	2449	3252.98	4204	2301	0.548	-0.869	-5.173	2.30044632948676e-07	1.84924090104068e-05	0.006	0.09	0.02	0.02	TRUE	0.1466
FBtr0111027	493	111	122	61	46	45	255	166	172	31	63	56	123.9	198	50	0.247	-2.016	-5.165	2.41049263860137e-07	1.91435710555591e-05	0.0835	0.1255	0.0966	0.0966	TRUE	1.2042
FBtr0076792	3175	1057	1164	1369	684	668	1643	1583	1640	699	939	829	1222.19	1622	822	0.506	-0.983	-5.127	2.94466605640884e-07	2.31074489148749e-05	0.0095	0.0924	0.0255	0.0255	TRUE	0.2131
FBtr0299952	460	127	150	190	73	70	238	190	211	97	100	87	153.95	213	95	0.442	-1.176	-5.094	3.50217959412434e-07	2.72659848322082e-05	0	0.1183	0.0305	0.0305	TRUE	0.1287
FBtr0070809	3300	1026	995	1157	579	627	1708	1537	1402	591	795	778	1135.01	1549	721	0.465	-1.106	-5.091	3.57054129023413e-07	2.75810367243671e-05	0.0173	0.0927	0.0329	0.0329	TRUE	0.309
FBtr0086336	429	159	151	223	75	84	222	238	213	114	103	104	165.66	224	107	0.48	-1.059	-5.091	3.55703853251937e-07	2.75810367243671e-05	0	0.1162	0.0241	0.0241	TRUE	0.0392
FBtr0078811	428	112	78	60	38	33	222	168	110	31	52	41	103.82	167	41	0.243	-2.042	-5.083	3.72153964517881e-07	2.83920841794586e-05	0.0861	0.1326	0.1005	0.1005	TRUE	0.0785
FBtr0111028	906	147	142	72	46	58	469	220	200	37	63	72	176.83	296	57	0.191	-2.391	-5.082	3.73296682005524e-07	2.83920841794586e-05	0.1631	0.1145	0.1486	0.1486	TRUE	3.0622
FBtr0299967	359	111	120	164	52	57	186	166	169	84	71	71	124.49	174	75	0.436	-1.197	-5.083	3.71645680591345e-07	2.83920841794586e-05	0	0.1253	0.0303	0.0303	TRUE	0.1165
FBtr0302513	1083	376	394	450	207	248	560	563	555	230	284	308	416.74	559	274	0.487	-1.038	-5.083	3.70716100103433e-07	2.83920841794586e-05	0.0086	0.0996	0.0272	0.0272	TRUE	0.2506
FBtr0100462	2055	728	787	1324	425	499	1064	1090	1109	676	584	619	856.89	1088	626	0.577	-0.793	-5.061	4.16428294726072e-07	3.1430799725985e-05	0.0019	0.094	0.0163	0.0163	TRUE	0.0605
FBtr0307306	1832	807	722	873	393	442	948	1209	1017	446	540	548	784.63	1058	511	0.483	-1.051	-5.049	4.4508206404433e-07	3.34657711653104e-05	0.0134	0.0945	0.0297	0.0297	TRUE	0.183
FBtr0080590	477	165	190	253	80	105	247	247	268	129	110	130	188.49	254	123	0.487	-1.037	-5.025	5.03785123038067e-07	3.75937766342558e-05	0	0.1129	0.0244	0.0244	TRUE	0.0767
FBtr0078204	397	139	148	163	67	88	205	208	208	83	92	109	151.09	207	95	0.454	-1.14	-4.979	6.38288255334619e-07	4.70975755568735e-05	0	0.1189	0.0298	0.0298	TRUE	0.1622
FBtr0336736	303	205	155	99	59	41	157	307	218	51	81	51	144.11	227	61	0.266	-1.908	-4.963	6.94398149614414e-07	5.06705660834872e-05	0.0846	0.1203	0.0956	0.0956	TRUE	0.1242
FBtr0306930	221	78	119	92	33	39	114	117	168	47	45	48	89.92	133	47	0.355	-1.495	-4.947	7.54549739279905e-07	5.4820385367475e-05	0.02	0.1394	0.051	0.051	TRUE	0.4924
FBtr0330380	250	191	165	94	45	49	129	286	232	48	62	61	136.41	216	57	0.263	-1.926	-4.946	7.56812399763372e-07	5.4820385367475e-05	0.0875	0.1221	0.0977	0.0977	TRUE	0.2019
FBtr0083200	427	152	191	223	80	95	221	228	269	114	110	118	176.55	239	114	0.478	-1.066	-4.941	7.76924472150447e-07	5.60718300612229e-05	0	0.1145	0.0268	0.0268	TRUE	0.1241
FBtr0084449	741	216	218	340	106	132	383	324	307	174	146	164	249.51	338	161	0.476	-1.07	-4.917	8.79066206558016e-07	6.29838196908869e-05	0.0087	0.1069	0.0293	0.0293	TRUE	0.1716
FBtr0302592	754	228	183	274	70	106	390	341	258	140	96	132	226.18	330	123	0.373	-1.425	-4.908	9.19898898657333e-07	6.52007194299238e-05	0.035	0.1088	0.0549	0.0549	TRUE	0.1877
FBtr0340709	636	101	140	129	37	53	329	151	197	66	51	66	143.35	226	61	0.269	-1.896	-4.887	1.02382861955163e-06	7.17950742965726e-05	0.0879	0.1205	0.0977	0.0977	TRUE	0.3879
FBtr0077235	647	172	156	178	64	99	335	258	220	91	88	123	185.64	271	101	0.369	-1.44	-4.877	1.0767648812903e-06	7.52403728887477e-05	0.0348	0.1132	0.0557	0.0557	TRUE	0.2663
FBtr0078083	3964	778	909	1152	286	424	2051	1165	1281	588	393	526	1000.72	1499	502	0.335	-1.577	-4.859	1.18183528469741e-06	8.15863920212687e-05	0.0694	0.0932	0.0745	0.0745	TRUE	1.2664
FBtr0303756	670	202	173	273	78	76	347	303	244	139	107	94	205.64	298	113	0.384	-1.382	-4.855	1.2046740934507e-06	8.27167715207903e-05	0.0313	0.1109	0.052	0.052	TRUE	0.2194
FBtr0082790	2497	732	1014	1106	410	574	1292	1096	1428	565	563	712	942.83	1272	613	0.482	-1.054	-4.853	1.21722192402546e-06	8.32891472235414e-05	0.0165	0.0935	0.0327	0.0327	TRUE	0.2218
FBtr0085209	499	166	234	134	74	98	258	249	330	68	102	122	188.02	279	97	0.345	-1.534	-4.851	1.23097339723609e-06	8.39396514839437e-05	0.0459	0.1129	0.0648	0.0648	TRUE	0.8007
FBtr0309301	636	195	209	168	103	53	329	292	294	86	141	66	201.44	305	98	0.318	-1.654	-4.846	1.25958969543315e-06	8.55958289594179e-05	0.0603	0.1113	0.0768	0.0768	TRUE	1.3347
FBtr0085423	917	329	349	231	119	188	475	493	492	118	163	233	328.93	487	171	0.351	-1.512	-4.843	1.27940028525881e-06	8.66443172636746e-05	0.0516	0.1025	0.0661	0.0661	TRUE	1.0392
FBtr0303787	1431	611	444	551	276	210	741	915	625	281	379	261	533.69	760	307	0.403	-1.311	-4.834	1.34074182100874e-06	9.01808486749924e-05	0.0362	0.0972	0.0506	0.0506	TRUE	0.2074
FBtr0332930	648	207	151	236	71	62	335	310	213	121	98	77	192.17	286	99	0.345	-1.533	-4.832	1.35326130218885e-06	9.07143805111342e-05	0.0471	0.1124	0.0654	0.0654	TRUE	0.5415
FBtr0308631	819	266	213	127	103	98	424	398	300	65	141	122	241.7	374	109	0.289	-1.792	-4.831	1.36149505658301e-06	9.09153195495358e-05	0.0863	0.1075	0.0929	0.0929	TRUE	1.4823
FBtr0080565	3579	732	977	1258	301	371	1852	1096	1376	642	413	460	973.49	1441	505	0.351	-1.511	-4.819	1.44167044236475e-06	9.56678959656477e-05	0.0618	0.0933	0.0694	0.0694	TRUE	0.1818
FBtr0079253	7503	2761	2970	3408	1613	1908	3883	4135	4184	1740	2215	2367	3087.45	4067	2107	0.518	-0.949	-4.799	1.59154695093665e-06	0.000104589817124722	0.0123	0.0901	0.0278	0.0278	TRUE	0.286
FBtr0303857	32168	13610	11518	15661	3529	2867	16648	20385	16225	7997	4846	3557	11609.76	17753	5467	0.308	-1.699	-4.799	1.59198659694268e-06	0.000104589817124722	0.0954	0.089	0.0902	0.0902	TRUE	2.0052
FBtr0076541	284	49	60	46	12	24	147	73	85	23	16	30	62.44	102	23	0.227	-2.139	-4.798	1.60615959240189e-06	0.000105171542846846	0.0945	0.1618	0.1163	0.1163	TRUE	1.422
FBtr0306107	2740	1111	892	569	447	405	1418	1664	1257	291	614	502	957.58	1446	469	0.323	-1.629	-4.792	1.64783172023075e-06	0.000107220198615092	0.0769	0.0934	0.0817	0.0817	TRUE	0.952
FBtr0078937	873	467	518	398	174	222	452	699	730	203	239	275	433.1	627	239	0.381	-1.39	-4.782	1.7324225968138e-06	0.000111956394941153	0.0436	0.0992	0.0579	0.0579	TRUE	0.7327
FBtr0339144	796	211	143	177	76	45	412	316	201	90	104	56	196.67	310	83	0.269	-1.894	-4.78	1.74934659415192e-06	0.000112681853092359	0.1016	0.1119	0.1051	0.1051	TRUE	0.0942
FBtr0089360	1672	504	464	751	230	321	865	755	654	383	316	398	561.9	758	366	0.483	-1.051	-4.779	1.76020216782669e-06	0.000113012980093418	0.0152	0.0968	0.0327	0.0327	TRUE	0.1181
FBtr0075811	8923	3572	3317	2776	1669	1857	4618	5350	4673	1418	2292	2304	3442.34	4880	2005	0.41	-1.285	-4.777	1.78123612928621e-06	0.0001139933477561	0.0351	0.09	0.0518	0.0518	TRUE	0.8039
FBtr0307520	3761	1561	1378	1213	655	837	1946	2338	1941	619	900	1038	1463.83	2075	852	0.41	-1.286	-4.752	2.01605143290061e-06	0.000128303038023537	0.0361	0.0918	0.0519	0.0519	TRUE	0.7009
FBtr0345095	2080	687	772	1311	486	548	1076	1029	1088	669	667	680	868.28	1064	672	0.631	-0.663	-4.746	2.0755106907321e-06	0.000131548794580857	0	0.0939	0.0128	0.0128	TRUE	0.0097
FBtr0074555	88	179	143	45	15	13	46	268	201	23	21	16	95.8	172	20	0.117	-3.094	-4.737	2.1694126859044e-06	0.000137061136944919	0.3589	0.1363	0.2786	0.2786	TRUE	0.2111
FBtr0113190	89	22	22	12	4	7	46	33	31	6	5	9	21.72	37	7	0.179	-2.478	-4.729	2.26022344335579e-06	0.000142343689784588	0	0.2989	0.1122	0.1122	TRUE	0.4981
FBtr0301651	232	103	66	71	36	26	120	154	93	36	49	32	80.88	122	39	0.319	-1.649	-4.723	2.32492683873483e-06	0.000145953740431686	0.0365	0.1451	0.0704	0.0704	TRUE	0.1041
FBtr0335178	8198	3588	4099	4645	1489	2244	4243	5374	5774	2372	2045	2784	3765.29	5130	2400	0.468	-1.095	-4.72	2.36000825042028e-06	0.00014768722516475	0.0234	0.0899	0.0385	0.0385	TRUE	0.281
FBtr0076771	1119	510	535	350	242	200	579	764	754	179	332	248	475.97	699	253	0.361	-1.471	-4.718	2.3855186049277e-06	0.00014834474972467	0.0532	0.0982	0.0672	0.0672	TRUE	0.7899
FBtr0081004	327	104	114	155	46	41	169	156	161	79	63	51	113.13	162	64	0.403	-1.31	-4.701	2.58918956157265e-06	0.000160505403072411	0.0124	0.129	0.0449	0.0449	TRUE	0.4604
FBtr0301847	3152	1009	995	1741	684	744	1631	1511	1402	889	939	923	1215.92	1515	917	0.605	-0.726	-4.689	2.7475337182994e-06	0.000169610823899592	0.0029	0.0924	0.0163	0.0163	TRUE	0.0563
FBtr0305668	1106	264	265	384	131	157	572	395	373	196	180	195	318.65	447	190	0.424	-1.237	-4.688	2.75322753333851e-06	0.000169610823899592	0.0286	0.103	0.0462	0.0462	TRUE	0.7315
FBtr0086583	104	188	114	19	18	18	54	282	161	10	25	22	92.13	166	19	0.113	-3.152	-4.683	2.82379379603511e-06	0.000173417771169547	0.388	0.1382	0.2955	0.2955	TRUE	0.0682
FBtr0110932	1521	468	536	884	252	304	787	701	755	451	346	377	569.64	748	391	0.525	-0.929	-4.671	2.99777808155603e-06	0.000182966239391267	0.0092	0.0967	0.0265	0.0265	TRUE	0.2203
FBtr0089937	127	44	50	43	10	21	66	66	70	22	14	26	43.97	67	21	0.31	-1.69	-4.644	3.41505311333875e-06	0.000207792847126996	0	0.1925	0.0639	0.0639	TRUE	0.3047
FBtr0090022	5515	1719	1645	2795	735	714	2854	2575	2317	1427	1009	886	1844.77	2582	1107	0.429	-1.22	-4.638	3.51811329877398e-06	0.00021275440514757	0.0373	0.0911	0.0491	0.0491	TRUE	0.7783
FBtr0071690	3509	1298	1598	1978	756	978	1816	1944	2251	1010	1038	1213	1545.47	2004	1087	0.543	-0.882	-4.628	3.68754044141447e-06	0.000221644718021189	0.0103	0.0916	0.0254	0.0254	TRUE	0.1403
FBtr0074842	1462	425	571	729	198	307	757	637	804	372	272	381	537.1	733	342	0.467	-1.098	-4.629	3.67864230335985e-06	0.000221644718021189	0.0195	0.0971	0.0383	0.0383	TRUE	0.3446
FBtr0309099	364	109	147	156	59	78	188	163	207	80	81	97	136.03	186	86	0.458	-1.125	-4.626	3.72355210435714e-06	0.000223131038980795	0.0032	0.1222	0.0338	0.0338	TRUE	0.1091
FBtr0299524	1015	280	247	407	138	134	525	419	348	208	190	166	309.37	431	188	0.436	-1.198	-4.624	3.75556760198109e-06	0.000224369635435577	0.026	0.1034	0.0444	0.0444	TRUE	0.173
FBtr0308253	3051	1106	983	1661	477	423	1579	1657	1385	848	655	525	1108.05	1540	676	0.44	-1.185	-4.622	3.79601606991587e-06	0.0002261030656102	0.0321	0.0928	0.0462	0.0462	TRUE	0.605
FBtr0089921	734	225	298	391	154	158	380	337	420	200	211	196	290.64	379	202	0.533	-0.906	-4.619	3.8561751907177e-06	0.000228310971246834	0.0025	0.1044	0.0238	0.0238	TRUE	0.0976
FBtr0273370	3630	1917	1451	958	712	629	1879	2871	2044	489	978	780	1506.87	2265	749	0.33	-1.598	-4.615	3.92423527338755e-06	0.00023164702248131	0.0801	0.0917	0.0854	0.0854	TRUE	1.1215
FBtr0308254	6184	1033	736	1052	322	287	3200	1547	1037	537	442	356	1186.65	1928	445	0.231	-2.115	-4.612	3.99133294461477e-06	0.000234906574344515	0.1907	0.0925	0.1501	0.1501	TRUE	0.4336
FBtr0072410	102	65	48	37	16	10	53	97	68	19	22	12	45.17	73	18	0.248	-2.011	-4.593	4.37398674344755e-06	0.000255149226701107	0.0616	0.1898	0.1027	0.1027	TRUE	0.1997
FBtr0300599	1517	297	428	533	126	156	785	445	603	272	173	194	411.93	611	213	0.349	-1.517	-4.592	4.39903842277381e-06	0.000255855837677506	0.0643	0.0997	0.0753	0.0753	TRUE	0.1028
FBtr0329895	1199	480	475	804	262	299	621	719	669	411	360	371	524.98	670	381	0.571	-0.809	-4.585	4.53677340585844e-06	0.000262323666961552	0.004	0.0973	0.0203	0.0203	TRUE	0.06
FBtr0299526	934	253	201	331	99	90	483	379	283	169	136	112	260.35	382	139	0.365	-1.456	-4.568	4.92922337512838e-06	0.000281720786829953	0.0535	0.1062	0.068	0.068	TRUE	0.0987
FBtr0335012	1820	626	518	485	298	320	942	938	730	248	409	397	610.52	870	351	0.402	-1.314	-4.529	5.92494855570114e-06	0.000332857550252812	0.0452	0.0961	0.0585	0.0585	TRUE	0.8127
FBtr0335025	4693	2003	1682	2934	787	854	2429	3000	2369	1498	1081	1059	1906.13	2599	1213	0.467	-1.098	-4.516	6.30955334848777e-06	0.000350481509736926	0.0289	0.091	0.0419	0.0419	TRUE	0.5178
FBtr0330186	4343	1234	1068	1951	566	662	2248	1848	1504	996	777	821	1365.87	1867	865	0.463	-1.109	-4.506	6.59128670430811e-06	0.000363071572639813	0.0275	0.092	0.0428	0.0428	TRUE	0.122
FBtr0303106	791	335	340	401	181	208	409	502	479	205	249	258	350.24	463	237	0.511	-0.969	-4.5	6.78203411005293e-06	0.000372540901461935	0.0114	0.1017	0.03	0.03	TRUE	0.1787
FBtr0082096	250	65	51	52	28	22	129	97	72	27	38	27	65.15	99	31	0.302	-1.726	-4.491	7.10482392744653e-06	0.000389190839792951	0.0532	0.1588	0.0845	0.0845	TRUE	0.117
FBtr0307057	348	183	271	85	61	73	180	274	382	43	84	91	175.62	279	73	0.258	-1.952	-4.478	7.52902601005485e-06	0.000411288644610041	0.1341	0.1146	0.1277	0.1277	TRUE	0.1114
FBtr0088550	11390	3632	4829	6176	2416	3026	5895	5440	6803	3154	3318	3754	4727.15	6046	3409	0.564	-0.827	-4.47	7.83028530259911e-06	0.000425395307304663	0.0104	0.0896	0.0244	0.0244	TRUE	0.1456
FBtr0339643	9209	3698	3926	4619	616	929	4766	5539	5531	2359	846	1153	3365.41	5279	1453	0.275	-1.86	-4.469	7.85678280282389e-06	0.000425665424454363	0.1545	0.09	0.1244	0.1244	TRUE	3.6222
FBtr0330612	740	260	270	447	171	180	383	389	380	228	235	223	306.52	384	229	0.595	-0.748	-4.465	7.99206818754785e-06	0.000431811880898248	0	0.1035	0.0166	0.0166	TRUE	0.005
FBtr0100282	1184	361	304	526	192	175	613	541	428	269	264	217	388.51	527	250	0.473	-1.079	-4.464	8.03238158502867e-06	0.000432807481863602	0.0206	0.1004	0.039	0.039	TRUE	0.187
FBtr0078968	28241	9034	10754	18463	6994	7784	14616	13531	15149	9428	9605	9657	11997.57	14432	9563	0.663	-0.594	-4.463	8.07532596638919e-06	0.000433939051590615	0.0016	0.089	0.0127	0.0127	TRUE	0.0363
FBtr0084028	594	212	268	315	121	155	307	318	378	161	166	192	253.63	334	173	0.518	-0.95	-4.431	9.37687217792626e-06	0.000499804979295126	0.0072	0.1066	0.0285	0.0285	TRUE	0.1407
FBtr0306917	38996	16464	20467	16882	8751	10132	20182	24660	28832	8621	12018	12570	17813.53	24558	11070	0.451	-1.15	-4.427	9.5752642896683e-06	0.000509007664860728	0.0341	0.0889	0.0485	0.0485	TRUE	0.1642
FBtr0077560	490	176	260	285	80	98	254	264	366	146	110	122	210.07	295	126	0.431	-1.216	-4.425	9.62498379727611e-06	0.000510278966732266	0.0277	0.1104	0.0484	0.0484	TRUE	0.4923
FBtr0340241	107	131	106	30	21	22	55	196	149	15	29	27	78.73	133	24	0.176	-2.504	-4.421	9.84645381556853e-06	0.000520624663644031	0.2357	0.1467	0.2052	0.2052	TRUE	0.1863
FBtr0085715	1476	453	568	874	241	319	764	678	800	446	331	396	569.26	747	391	0.525	-0.931	-4.419	9.91438567581466e-06	0.00052281860463796	0.0115	0.0967	0.0299	0.0299	TRUE	0.1999
FBtr0071114	1486	461	448	786	308	311	769	690	631	401	423	386	550.13	697	403	0.578	-0.792	-4.409	1.03657303479365e-05	0.000543719675412321	0.0049	0.0969	0.0212	0.0212	TRUE	0.1024
FBtr0100361	1004	272	251	400	143	176	520	407	354	204	196	218	316.59	427	206	0.481	-1.054	-4.367	1.25823227842265e-05	0.000649648650282192	0.0196	0.1031	0.0382	0.0382	TRUE	0.3197
FBtr0079084	236	100	88	124	45	43	122	150	124	63	62	53	95.72	132	59	0.455	-1.136	-4.361	1.29553564710293e-05	0.000665434218739231	0	0.1364	0.0364	0.0364	TRUE	0.1265
FBtr0299523	809	375	698	334	138	196	419	562	983	171	190	243	427.81	655	201	0.307	-1.703	-4.36	1.30176868810827e-05	0.000666903518324895	0.1132	0.0993	0.1065	0.1065	TRUE	0.4159
FBtr0335520	124	79	48	43	17	22	64	118	68	22	23	27	53.79	83	24	0.291	-1.781	-4.354	1.33556841505496e-05	0.000682451302524856	0.0597	0.1736	0.0932	0.0932	TRUE	1.1114
FBtr0085139	162	130	171	65	21	43	84	195	241	33	29	53	105.8	173	38	0.223	-2.168	-4.344	1.39887087847808e-05	0.000710112620362471	0.1787	0.1318	0.1628	0.1628	TRUE	0.2698
FBtr0336620	266	68	68	89	20	35	138	102	96	45	27	43	75.27	112	38	0.349	-1.518	-4.343	1.40406591434501e-05	0.000710112620362471	0.0355	0.1493	0.0703	0.0703	TRUE	0.4761
FBtr0299525	2669	624	679	1106	337	406	1381	935	957	565	463	504	800.61	1091	511	0.468	-1.096	-4.336	1.44826055032534e-05	0.000728736701849458	0.0295	0.0943	0.0445	0.0445	TRUE	0.6631
FBtr0071458	694	234	262	415	161	173	359	350	369	212	221	215	287.73	359	216	0.6	-0.738	-4.317	1.58226255617574e-05	0.00078616186051194	0	0.1045	0.0172	0.0172	TRUE	0.0055
FBtr0342809	560	229	202	342	119	130	290	343	285	175	163	161	236.12	306	166	0.547	-0.87	-4.307	1.65634236668024e-05	0.000818854257527543	0	0.108	0.0246	0.0246	TRUE	0.1183
FBtr0331931	84	40	56	38	10	11	43	60	79	19	14	14	38.18	61	16	0.267	-1.906	-4.298	1.72462064273509e-05	0.000848367492788217	0.0563	0.2083	0.1018	0.1018	TRUE	0.0944
FBtr0084434	744	212	276	394	137	170	385	318	389	201	188	211	281.94	364	200	0.549	-0.865	-4.297	1.73114959983497e-05	0.000849466087760212	0.004	0.1048	0.0251	0.0251	TRUE	0.1318
FBtr0075356	476	159	170	267	103	108	246	238	239	136	141	134	189.29	241	137	0.568	-0.817	-4.294	1.75167152242652e-05	0.000857408523662979	0	0.1128	0.0201	0.0201	TRUE	0.0061
FBtr0073531	292	104	163	143	60	52	151	156	230	73	82	65	126.07	179	73	0.411	-1.282	-4.283	1.84415319587711e-05	0.00089602283657174	0.0291	0.1249	0.0546	0.0546	TRUE	0.6217
FBtr0077524	5323	1278	1600	2284	834	1054	2755	1914	2254	1166	1145	1308	1757.02	2308	1206	0.522	-0.937	-4.275	1.91085959961207e-05	0.000923893608369895	0.0185	0.0912	0.0339	0.0339	TRUE	0.1866
FBtr0113452	506	151	125	200	79	79	262	226	176	102	108	98	162.12	221	103	0.462	-1.114	-4.273	1.92494153098316e-05	0.000928432165248585	0.018	0.1168	0.0416	0.0416	TRUE	0.1563
FBtr0084054	62	18	20	9	3	7	32	27	28	5	4	9	17.44	29	6	0.192	-2.381	-4.261	2.03278864867671e-05	0.000978063151522676	0	0.3506	0.1223	0.1223	TRUE	0.3111
FBtr0075354	188	52	56	67	26	29	97	78	79	34	36	36	59.99	85	35	0.411	-1.282	-4.254	2.09811807794756e-05	0.00100122059972411	0	0.1648	0.045	0.045	TRUE	0.2004
FBtr0302498	220	170	103	110	40	34	114	255	145	56	55	42	111.14	171	51	0.301	-1.731	-4.255	2.09374467618537e-05	0.00100122059972411	0.0957	0.1297	0.106	0.106	TRUE	0.5527
FBtr0330390	693	218	356	391	108	104	359	327	501	200	148	129	277.28	396	159	0.405	-1.305	-4.254	2.09760511283739e-05	0.00100122059972411	0.0453	0.1051	0.0632	0.0632	TRUE	0.6098
FBtr0332502	783	184	229	305	101	142	405	276	323	156	139	176	245.67	335	157	0.467	-1.098	-4.253	2.11134100848425e-05	0.00100364827987442	0.0228	0.1072	0.0431	0.0431	TRUE	0.2397
FBtr0310625	187	58	70	70	25	39	97	87	99	36	34	48	66.79	94	39	0.416	-1.266	-4.241	2.22294024804544e-05	0.00104913230083768	0	0.157	0.0458	0.0458	TRUE	0.243
FBtr0290077	1482	795	772	228	237	282	767	1191	1088	116	325	350	639.5	1015	264	0.259	-1.948	-4.236	2.27980300577671e-05	0.00107085758763027	0.1783	0.0958	0.1499	0.1499	TRUE	2.2334
FBtr0073527	656	144	117	129	67	70	339	216	165	66	92	87	160.79	240	82	0.336	-1.574	-4.234	2.30031483100087e-05	0.00107793189059342	0.0802	0.117	0.091	0.091	TRUE	0.3276
FBtr0308629	257	150	92	73	42	51	133	225	130	37	58	63	107.58	163	53	0.322	-1.636	-4.228	2.35497663619343e-05	0.0011009376591188	0.0788	0.1311	0.0947	0.0947	TRUE	1.1012
FBtr0088996	1160	386	538	275	193	236	600	578	758	140	265	293	439.1	645	233	0.359	-1.478	-4.227	2.36967056234735e-05	0.00110319963096486	0.0791	0.099	0.085	0.085	TRUE	1.4497
FBtr0308627	539	296	214	111	96	98	279	443	301	57	132	122	222.31	341	104	0.3	-1.735	-4.204	2.62299877019195e-05	0.00121474943045775	0.1193	0.1092	0.116	0.116	TRUE	1.8049
FBtr0080262	281	137	128	89	63	52	145	205	180	45	87	65	121.24	177	66	0.366	-1.451	-4.186	2.83339128323615e-05	0.00130303052618593	0.0541	0.1263	0.0755	0.0755	TRUE	0.4595
FBtr0075389	3626	1283	1806	2040	882	931	1877	1922	2544	1042	1211	1155	1625.05	2114	1136	0.537	-0.896	-4.185	2.85119254329173e-05	0.0013081747689929	0.0174	0.0915	0.0323	0.0323	TRUE	0.3805
FBtr0073378	5807	1538	2033	3170	915	1224	3005	2304	2864	1619	1257	1519	2094.43	2724	1465	0.538	-0.895	-4.167	3.09087308484966e-05	0.00140834136527424	0.0166	0.0908	0.0327	0.0327	TRUE	0.2197
FBtr0080514	2118	564	348	298	210	233	1096	845	490	152	288	289	526.79	810	243	0.299	-1.743	-4.163	3.14186848738502e-05	0.00142501030591832	0.136	0.0973	0.1234	0.1234	TRUE	0.1258
FBtr0079648	763	90	244	167	62	42	395	135	344	85	85	52	182.65	291	74	0.255	-1.973	-4.157	3.22423449199413e-05	0.00145569034427361	0.1741	0.1136	0.1535	0.1535	TRUE	0.6699
FBtr0082627	6185	1899	2355	4023	1465	1642	3201	2844	3317	2054	2012	2037	2577.66	3121	2034	0.652	-0.618	-4.151	3.30820039331559e-05	0.00148681051767763	0.0026	0.0904	0.0155	0.0155	TRUE	0.072
FBtr0071105	10201	2923	2920	4973	1907	1507	5279	4378	4113	2539	2619	1870	3466.44	4590	2343	0.51	-0.971	-4.147	3.36267085748204e-05	0.00150445285535537	0.0238	0.09	0.0391	0.0391	TRUE	0.3761
FBtr0082208	1504	607	499	953	294	301	778	909	703	487	404	373	609.05	797	421	0.53	-0.915	-4.143	3.42332479867743e-05	0.00152813200663309	0.0155	0.0961	0.0332	0.0332	TRUE	0.2261
FBtr0304997	1484	851	625	466	327	309	768	1275	880	238	449	383	665.57	974	357	0.365	-1.452	-4.129	3.64275015761706e-05	0.0016151431472394	0.0802	0.0955	0.0871	0.0871	TRUE	0.7311
FBtr0088447	303	129	137	190	64	60	157	193	193	97	88	74	133.73	181	86	0.484	-1.048	-4.127	3.67920566229499e-05	0.00162765753852088	0.011	0.1228	0.0376	0.0376	TRUE	0.171
FBtr0347396	2685	910	928	1778	682	733	1390	1363	1307	908	937	909	1135.62	1353	918	0.678	-0.561	-4.107	4.01311244039219e-05	0.00175186089423301	0	0.0927	0.0125	0.0125	TRUE	0.0105
FBtr0100199	242	99	67	47	38	34	125	148	94	24	52	42	81.05	122	39	0.314	-1.67	-4.106	4.02334323382874e-05	0.00175245842398598	0.0807	0.145	0.1015	0.1015	TRUE	0.4027
FBtr0086975	8764	3239	4056	4820	2218	2448	4536	4851	5714	2461	3046	3037	3940.82	5034	2848	0.566	-0.822	-4.096	4.20275090457884e-05	0.00181858641439927	0.0138	0.0898	0.0287	0.0287	TRUE	0.1734
FBtr0087960	2757	825	820	885	493	565	1427	1236	1155	452	677	701	941.26	1273	610	0.478	-1.065	-4.094	4.23216465877653e-05	0.00182731563596738	0.0329	0.0935	0.0475	0.0475	TRUE	0.6305
FBtr0309828	1663	834	700	379	305	353	861	1249	986	194	419	438	691.04	1032	350	0.338	-1.563	-4.079	4.53220635228295e-05	0.00194835610035642	0.1078	0.0953	0.1039	0.1039	TRUE	1.1389
FBtr0333231	2068	729	658	1159	384	541	1070	1092	927	592	527	671	813.24	1030	597	0.579	-0.787	-4.061	4.89676463253867e-05	0.00208692932345802	0.0091	0.0943	0.0257	0.0257	TRUE	0.1346
FBtr0087004	725	377	370	246	133	199	375	565	521	126	183	247	336.04	487	185	0.379	-1.401	-4.052	5.0840269156679e-05	0.00216207811306092	0.0739	0.1022	0.0821	0.0821	TRUE	0.6914
FBtr0330325	507	172	189	312	98	91	262	258	266	159	135	113	198.84	262	136	0.522	-0.939	-4.041	5.32555146106272e-05	0.00225469289626058	0.0087	0.1116	0.0331	0.0331	TRUE	0.286
FBtr0084447	406	129	105	92	6	41	210	193	148	47	8	51	109.55	184	35	0.195	-2.361	-4.037	5.41829299822445e-05	0.00228457876417673	0.3066	0.1303	0.2291	0.2291	TRUE	2.6367
FBtr0308633	264	148	110	87	48	63	137	222	155	44	66	78	116.96	171	63	0.364	-1.457	-4.03	5.57055116622159e-05	0.00233880359473528	0.0639	0.1277	0.0826	0.0826	TRUE	0.7259
FBtr0077080	2620	834	1017	1739	647	715	1356	1249	1433	888	889	887	1116.88	1346	888	0.66	-0.6	-4.028	5.62384900893808e-05	0.00234378934310403	0.0012	0.0927	0.015	0.015	TRUE	0.0458
FBtr0086617	44	18	32	7	3	7	23	27	45	4	4	9	18.53	32	6	0.167	-2.583	-4.028	5.62753645800722e-05	0.00234378934310403	0.102	0.3351	0.1864	0.1864	TRUE	0.7126
FBtr0088549	2270	208	201	230	91	85	1175	312	283	117	125	105	352.89	590	116	0.196	-2.35	-4.027	5.65964674144708e-05	0.00235125030067471	0.3217	0.1016	0.24	0.24	TRUE	9.0241
FBtr0303150	641	211	234	377	125	169	332	316	330	193	172	210	258.54	326	192	0.587	-0.768	-4.013	5.9925299991026e-05	0.00247650668518231	0	0.1063	0.022	0.022	TRUE	0.0748
FBtr0345142	7839	1845	1901	3318	892	769	4057	2763	2678	1694	1225	954	2228.6	3166	1291	0.408	-1.293	-4.013	5.99871910089672e-05	0.00247650668518231	0.071	0.0907	0.0743	0.0743	TRUE	0.9092
FBtr0076218	295	83	120	113	45	20	153	124	169	58	62	25	98.39	149	48	0.325	-1.62	-4.005	6.19619417817685e-05	0.00254211078575616	0.0852	0.1351	0.1036	0.1036	TRUE	1.1531
FBtr0085382	56	23	17	15	5	4	29	34	24	8	7	5	17.81	29	7	0.23	-2.122	-3.998	6.38789785178851e-05	0.00259612679520463	0	0.3451	0.1133	0.1133	TRUE	0.0865
FBtr0305667	535	211	211	310	116	152	277	316	297	158	159	189	232.72	297	169	0.569	-0.814	-3.998	6.39311483047101e-05	0.00259612679520463	0.003	0.1083	0.025	0.025	TRUE	0.1058
FBtr0336904	406	91	125	156	25	27	210	136	176	80	34	33	111.67	174	49	0.288	-1.797	-3.998	6.39349557150267e-05	0.00259612679520463	0.1335	0.1295	0.1323	0.1323	TRUE	0.7763
FBtr0113291	105	43	49	49	14	21	54	64	69	25	19	26	43.01	62	23	0.382	-1.389	-3.986	6.71294004649314e-05	0.00271469099017182	0	0.1948	0.0581	0.0581	TRUE	0.1571
FBtr0089583	4338	2281	2449	2994	528	525	2245	3416	3450	1529	725	651	2002.78	3037	968	0.319	-1.647	-3.984	6.78771985777809e-05	0.00273375071665095	0.1508	0.0909	0.1224	0.1224	TRUE	3.105
FBtr0302615	1058	372	311	326	219	155	548	557	438	166	301	192	367.06	514	220	0.425	-1.234	-3.977	6.96675563944984e-05	0.00278881766741135	0.0523	0.1011	0.0659	0.0659	TRUE	1.0901
FBtr0310035	137	46	33	38	17	20	71	69	46	19	23	25	42.31	62	22	0.355	-1.496	-3.959	7.51873934830382e-05	0.00298560382756442	0	0.1966	0.0719	0.0719	TRUE	0.3569
FBtr0087308	425	120	142	173	86	58	220	180	200	88	118	72	146.35	200	93	0.461	-1.118	-3.957	7.60558718586019e-05	0.00301403780762295	0.0199	0.1198	0.0492	0.0492	TRUE	0.4675
FBtr0070777	47920	16572	18424	24393	10861	13792	24800	24821	25954	12456	14915	17110	20009.52	25192	14827	0.589	-0.765	-3.953	7.70825723001499e-05	0.00303646985505073	0.0126	0.0889	0.0269	0.0269	TRUE	0.2399
FBtr0301414	1251	449	513	689	321	341	647	673	723	352	441	423	543.05	681	405	0.594	-0.752	-3.954	7.69403920743751e-05	0.00303646985505073	0.0071	0.0971	0.024	0.024	TRUE	0.1667
FBtr0089517	1075	417	476	746	246	314	556	625	671	381	338	390	493.3	617	370	0.601	-0.736	-3.949	7.83411311359225e-05	0.00307991226284864	0.0056	0.0979	0.0227	0.0227	TRUE	0.0934
FBtr0300039	1500	740	694	771	246	450	776	1108	978	394	338	558	692.02	954	430	0.451	-1.149	-3.936	8.28488107565983e-05	0.00325066514426931	0.0484	0.0952	0.0596	0.0596	TRUE	0.4449
FBtr0310660	187	73	153	17	18	35	97	109	216	9	25	43	83.08	141	26	0.179	-2.485	-3.933	8.376955717523e-05	0.00327380038169995	0.3365	0.1436	0.2632	0.2632	TRUE	2.189
FBtr0290025	385	94	133	174	64	70	199	141	187	89	88	87	131.83	176	88	0.497	-1.008	-3.926	8.65386966124992e-05	0.00336870615258302	0.0115	0.1233	0.0386	0.0386	TRUE	0.2931
FBtr0290046	554	207	216	373	114	114	287	310	304	190	157	141	231.58	300	163	0.547	-0.871	-3.921	8.80124310609522e-05	0.00341934346607138	0.0085	0.1084	0.0305	0.0305	TRUE	0.2709
FBtr0075039	101	46	25	32	9	14	52	69	35	16	12	17	33.74	52	15	0.298	-1.748	-3.918	8.94087358853241e-05	0.00346677990614173	0.0387	0.224	0.1012	0.1012	TRUE	0.0728
FBtr0332046	1632	580	548	452	263	376	845	869	772	231	361	466	590.62	829	353	0.424	-1.236	-3.914	9.07505069189024e-05	0.00351192030199862	0.0595	0.0964	0.0698	0.0698	TRUE	0.7146
FBtr0088957	2470	884	985	1612	664	737	1278	1324	1388	823	912	914	1106.54	1330	883	0.664	-0.592	-3.913	9.1061072805411e-05	0.00351705608345118	0.0021	0.0928	0.0155	0.0155	TRUE	0.0443
FBtr0305056	4490	1177	1290	2368	633	832	2324	1763	1817	1209	869	1032	1502.42	1968	1037	0.527	-0.924	-3.904	9.45379334081572e-05	0.00363713547304729	0.0247	0.0917	0.0396	0.0396	TRUE	0.3063
FBtr0071048	1054	346	294	590	191	214	545	518	414	301	262	265	384.49	492	276	0.561	-0.833	-3.89	0.000100385760586903	0.00383970680001161	0.0115	0.1005	0.0301	0.0301	TRUE	0.2189
FBtr0077706	227	88	58	98	22	36	117	132	82	50	30	45	75.98	110	42	0.383	-1.386	-3.871	0.000108332456106929	0.00412984131496066	0.0415	0.1488	0.0755	0.0755	TRUE	0.3328
FBtr0088261	66	8	18	7	0	1	34	12	25	4	0	1	12.72	24	2	0.081	-3.623	-3.853	0.000116906962512144	0.0044203349592307	0.2988	0.4478	0.3729	0.3729	TRUE	0.4348
FBtr0085146	693	75	228	78	41	75	359	112	321	40	56	93	163.56	264	63	0.237	-2.079	-3.851	0.000117614739828577	0.00443860969486664	0.246	0.1166	0.1996	0.1996	TRUE	1.1502
FBtr0075806	100	30	32	29	16	11	52	45	45	15	22	14	32.03	47	17	0.346	-1.53	-3.847	0.000119706948659129	0.00450038956223246	0	0.2312	0.0731	0.0731	TRUE	0.2451
FBtr0089649	568	108	81	136	30	19	294	162	114	69	41	24	117.34	190	45	0.238	-2.072	-3.844	0.000120994765323578	0.0045315747808215	0.2262	0.1276	0.195	0.195	TRUE	0.3468
FBtr0073393	53	16	22	9	5	7	27	24	31	5	7	9	17.09	27	7	0.232	-2.109	-3.842	0.000122027890119684	0.00456162859568386	0	0.3559	0.1226	0.1226	TRUE	0.4714
FBtr0073269	6532	1621	1471	2434	291	365	3381	2428	2072	1243	400	453	1662.66	2627	699	0.266	-1.909	-3.835	0.000125599140183748	0.00467744443904635	0.2257	0.0914	0.1776	0.1776	TRUE	2.4392
FBtr0343424	515	149	145	257	56	60	267	223	204	131	77	74	162.76	231	94	0.412	-1.281	-3.83	0.000128374206840116	0.00477180439899117	0.0564	0.1167	0.0728	0.0728	TRUE	1.3313
FBtr0082025	3255	1078	1581	1857	686	919	1685	1615	2227	948	942	1140	1426.13	1842	1010	0.548	-0.867	-3.828	0.000128937513001014	0.00478375106865863	0.0216	0.0918	0.0361	0.0361	TRUE	0.4002
FBtr0084958	109	37	34	45	15	12	56	55	48	23	21	15	36.37	53	20	0.372	-1.426	-3.803	0.000142850135698424	0.00524093030322139	0	0.2142	0.0666	0.0666	TRUE	0.2264
FBtr0336477	316	136	147	216	59	75	164	204	207	110	81	93	143.11	192	95	0.503	-0.993	-3.797	0.00014648198536001	0.00534443036991549	0.0156	0.1206	0.041	0.041	TRUE	0.2401
FBtr0080589	26	10	16	4	1	2	13	15	23	2	1	2	9.48	17	2	0.119	-3.071	-3.789	0.00015138183728214	0.0054827396195134	0	0.5705	0.2095	0.2095	TRUE	0.3165
FBtr0080439	1724	626	684	1200	431	377	892	938	964	613	592	468	744.29	931	558	0.6	-0.737	-3.78	0.000156693030736625	0.00565438810732983	0.0085	0.0948	0.0259	0.0259	TRUE	0.2275
FBtr0335013	437	210	190	232	91	130	226	315	268	118	125	161	202.18	270	135	0.501	-0.998	-3.772	0.000162120465844688	0.00583392756343614	0.0227	0.1112	0.0446	0.0446	TRUE	0.1569
FBtr0339234	800	357	250	484	107	121	414	535	352	247	147	150	307.52	434	181	0.421	-1.247	-3.771	0.000162594030818241	0.00583538468136246	0.0631	0.1035	0.0746	0.0746	TRUE	0.6141
FBtr0347364	122	65	76	75	24	20	63	97	107	38	33	25	60.6	89	32	0.368	-1.443	-3.763	0.000167935710987151	0.0059944561096948	0.0517	0.164	0.0842	0.0842	TRUE	0.7676
FBtr0301403	3714	1453	1744	1169	805	917	1922	2176	2457	597	1105	1138	1565.87	2185	947	0.433	-1.208	-3.757	0.000172049385551397	0.00611920251668863	0.0668	0.0916	0.0737	0.0737	TRUE	0.9639
FBtr0308628	204	107	77	74	41	47	106	160	108	38	56	58	87.79	125	51	0.403	-1.311	-3.757	0.000171913899919437	0.00611920251668863	0.0459	0.1407	0.0731	0.0731	TRUE	0.5696
FBtr0082039	75	122	191	10	23	18	39	183	269	5	32	22	91.6	164	20	0.118	-3.082	-3.751	0.000176175325697079	0.00624348936498163	0.6651	0.1385	0.4565	0.4565	TRUE	0.1237
FBtr0330249	2141	790	746	1026	491	589	1108	1183	1051	524	674	731	878.52	1114	643	0.576	-0.796	-3.736	0.000186662700374332	0.00659152660696859	0.0153	0.0938	0.0314	0.0314	TRUE	0.3249
FBtr0088522	516	100	141	137	79	53	267	150	199	70	108	66	143.28	205	81	0.392	-1.35	-3.732	0.000189901998361688	0.0066939608156905	0.0702	0.1205	0.0853	0.0853	TRUE	0.1622
FBtr0079085	85	57	48	47	16	15	44	85	68	24	22	19	43.59	66	22	0.336	-1.573	-3.727	0.000193884568627044	0.00679799174574433	0.0585	0.1934	0.097	0.097	TRUE	0.1411
FBtr0330725	1319	331	347	607	121	114	683	496	489	310	166	141	380.79	556	206	0.372	-1.426	-3.726	0.000194230302228322	0.00679806057799126	0.1025	0.1006	0.102	0.102	TRUE	2.2869
FBtr0076362	4282	1578	1627	3258	1172	1314	2216	2364	2292	1664	1609	1630	1962.48	2291	1634	0.714	-0.486	-3.723	0.000197173533393076	0.00688888095909555	0	0.091	0.0117	0.0117	TRUE	0.0101
FBtr0345114	1562	383	336	632	220	225	808	574	473	323	302	279	459.89	618	301	0.486	-1.04	-3.709	0.000208110352832591	0.00723265769290771	0.0376	0.0986	0.054	0.054	TRUE	0.3742
FBtr0083252	601	130	105	173	64	40	311	195	148	88	88	50	146.59	218	75	0.345	-1.535	-3.702	0.000213984774088615	0.00738490210750849	0.1117	0.1198	0.1145	0.1145	TRUE	0.3417
FBtr0072828	4021	1289	1394	2538	929	1180	2081	1931	1964	1296	1276	1464	1668.51	1992	1345	0.675	-0.567	-3.695	0.000220064911954055	0.00758150458866103	0.0028	0.0914	0.0163	0.0163	TRUE	0.0706
FBtr0075927	1237	524	463	453	306	263	640	785	652	231	420	326	509.18	692	326	0.469	-1.092	-3.694	0.000220734821281114	0.0075913584188418	0.0453	0.0976	0.0606	0.0606	TRUE	0.4724
FBtr0087234	2455	905	980	1573	676	745	1271	1355	1381	803	928	924	1110.4	1336	885	0.662	-0.594	-3.688	0.000226363414880178	0.0077445268672241	0.0037	0.0928	0.0177	0.0177	TRUE	0.0822
FBtr0081553	383	135	149	249	88	90	198	202	210	127	121	112	161.66	203	120	0.593	-0.755	-3.685	0.000228893299683223	0.00781755613339507	0	0.1169	0.0234	0.0234	TRUE	0.0359
FBtr0071758	955	300	387	631	212	255	494	449	545	322	291	316	403.08	496	310	0.625	-0.677	-3.673	0.000240181570781364	0.00817485466816087	0.0028	0.1	0.0217	0.0217	TRUE	0.081
FBtr0344703	1224	533	466	703	81	159	633	798	656	359	111	197	459.28	696	222	0.321	-1.637	-3.667	0.000245034737779274	0.00831142699757313	0.1636	0.0986	0.1405	0.1405	TRUE	1.9789
FBtr0073487	3493	233	368	318	158	155	1808	349	518	162	217	192	541.13	892	190	0.213	-2.23	-3.665	0.000247570240400806	0.0083687205195315	0.3649	0.0971	0.2634	0.2634	TRUE	1.9915
FBtr0084137	4442	1383	1627	2928	964	1268	2299	2071	2292	1495	1324	1573	1842.39	2221	1464	0.659	-0.601	-3.665	0.000247505970551709	0.0083687205195315	0.0046	0.0911	0.0188	0.0188	TRUE	0.0826
FBtr0303383	279	141	73	99	53	43	144	211	103	51	73	53	105.85	153	59	0.383	-1.383	-3.659	0.000253586788096444	0.00855747224335697	0.0725	0.1318	0.0906	0.0906	TRUE	0.1679
FBtr0340289	270	77	91	113	56	51	140	115	128	58	77	63	96.86	128	66	0.508	-0.977	-3.657	0.000254754147895104	0.0085822202293453	0	0.1358	0.0395	0.0395	TRUE	0.1622
FBtr0083600	342	123	146	176	81	91	177	184	206	90	111	113	146.82	189	105	0.55	-0.862	-3.657	0.00025547659791147	0.00859136521852431	0	0.1198	0.0322	0.0322	TRUE	0.1919
FBtr0074255	837	235	186	344	78	137	433	352	262	176	107	170	249.99	349	151	0.433	-1.207	-3.654	0.000258368220605786	0.00865971451267698	0.0601	0.1069	0.0737	0.0737	TRUE	0.1386
FBtr0332057	38016	10248	9441	16396	5242	3103	19674	15349	13300	8373	7199	3850	11290.69	16108	6474	0.402	-1.315	-3.646	0.000266198206333756	0.00886104924648241	0.086	0.089	0.0936	0.0936	TRUE	0.9147
FBtr0344403	309	80	97	147	54	56	160	120	137	75	74	69	105.85	139	73	0.522	-0.938	-3.646	0.000266615641044604	0.00886104924648241	0	0.1318	0.0369	0.0369	TRUE	0.2054
FBtr0079466	1995	712	947	1335	513	586	1032	1066	1334	682	704	727	924.36	1144	704	0.616	-0.699	-3.645	0.000267836786086033	0.00887181314045446	0.0092	0.0936	0.0253	0.0253	TRUE	0.2487
FBtr0308642	37	15	10	5	1	4	19	22	14	3	1	5	10.77	18	3	0.157	-2.672	-3.645	0.000267472209225554	0.00887181314045446	0	0.5129	0.1972	0.1972	TRUE	0.2484
FBtr0290320	191	29	63	33	22	20	99	43	89	17	30	25	50.48	77	24	0.302	-1.728	-3.64	0.000272229003119295	0.0089871928826111	0.1116	0.1791	0.1337	0.1337	TRUE	0.8431
FBtr0302568	193	73	50	80	28	37	100	109	70	41	38	46	67.48	93	42	0.446	-1.165	-3.639	0.000273674193796567	0.00901984530387852	0.0139	0.1563	0.0559	0.0559	TRUE	0.3779
FBtr0086799	359	136	113	218	60	66	186	204	159	111	82	82	137.38	183	92	0.508	-0.977	-3.637	0.00027585349448795	0.0090632170835695	0.0164	0.1219	0.0435	0.0435	TRUE	0.4011
FBtr0300612	1690	449	442	877	275	269	875	673	623	448	378	334	554.83	724	387	0.534	-0.904	-3.635	0.000278057585787857	0.0091036237731041	0.0251	0.0969	0.0425	0.0425	TRUE	0.4098
FBtr0073296	341	129	127	213	57	85	176	193	179	109	78	105	140.18	183	97	0.539	-0.893	-3.633	0.000280521246823246	0.00915397302958694	0.0041	0.1212	0.0354	0.0354	TRUE	0.2479
FBtr0088521	304	101	159	147	26	67	157	151	224	75	36	83	121.08	177	65	0.367	-1.445	-3.625	0.000289136935043023	0.00932737828788872	0.0912	0.1264	0.1034	0.1034	TRUE	1.1483
FBtr0089925	2698	743	796	1473	471	634	1396	1113	1121	752	647	787	969.34	1210	729	0.602	-0.733	-3.609	0.000307842292891078	0.00988243724337837	0.0122	0.0934	0.0286	0.0286	TRUE	0.2227
FBtr0333912	222	77	68	93	43	48	115	115	96	47	59	60	82.02	109	55	0.502	-0.995	-3.605	0.000311934285440214	0.00999756968327429	0	0.1443	0.0408	0.0408	TRUE	0.1856
FBtr0332529	1972	1114	1162	725	433	616	1021	1669	1637	370	595	764	1009.18	1442	576	0.399	-1.324	-3.591	0.000329480755222537	0.0104919193792684	0.0978	0.0932	0.0967	0.0967	TRUE	0.8453
FBtr0070848	2540	976	1178	1885	554	752	1315	1462	1659	963	761	933	1182.02	1479	886	0.6	-0.737	-3.59	0.000330632331655164	0.010500636890328	0.0131	0.0925	0.0294	0.0294	TRUE	0.1767
FBtr0079658	5920	1807	1763	3451	995	1436	3064	2706	2484	1762	1366	1782	2194	2751	1637	0.595	-0.749	-3.59	0.000330816525040422	0.010500636890328	0.0152	0.0907	0.0309	0.0309	TRUE	0.2485
FBtr0331287	153	81	82	96	14	29	79	121	116	49	19	36	70.04	105	35	0.34	-1.557	-3.587	0.000334521744499702	0.0105673602196192	0.0963	0.1539	0.1162	0.1162	TRUE	0.936
FBtr0301450	546	392	317	128	119	142	283	587	447	65	163	176	286.87	439	135	0.306	-1.707	-3.585	0.000336881514547868	0.0105911477745375	0.1863	0.1046	0.1582	0.1582	TRUE	0.2111
FBtr0303454	1033	363	308	635	197	177	535	544	434	324	271	220	387.76	504	272	0.54	-0.888	-3.568	0.000359157703554933	0.0112378854237323	0.0233	0.1004	0.0416	0.0416	TRUE	0.352
FBtr0302695	2437	591	601	1083	172	176	1261	885	847	553	236	218	666.77	998	336	0.338	-1.566	-3.565	0.000364537524748828	0.0113702358862903	0.1582	0.0955	0.1371	0.1371	TRUE	3.792
FBtr0330048	68	13	8	8	2	2	35	19	11	4	3	2	12.54	22	3	0.144	-2.791	-3.551	0.000383987394941225	0.011883177988987	0	0.4528	0.2739	0.2739	TRUE	0.1723
FBtr0088777	2118	817	888	1501	597	673	1096	1224	1251	766	820	835	998.67	1190	807	0.678	-0.56	-3.544	0.000393537485125178	0.0121596933880475	0.0031	0.0932	0.0169	0.0169	TRUE	0.0599
FBtr0075997	2134	638	615	1235	461	496	1104	956	866	631	633	615	800.9	975	626	0.641	-0.641	-3.524	0.000424571064698133	0.0130168880688459	0.0071	0.0943	0.0225	0.0225	TRUE	0.1657
FBtr0330263	892	222	103	105	82	85	462	333	145	54	113	105	201.82	313	91	0.287	-1.802	-3.51	0.000448106687792396	0.0135701527581847	0.221	0.1113	0.1825	0.1825	TRUE	0.1287
FBtr0072364	432	522	279	103	112	109	224	782	393	53	154	135	290.01	466	114	0.243	-2.039	-3.507	0.000452614137996507	0.0136856950747415	0.3164	0.1044	0.2377	0.2377	TRUE	0.2474
FBtr0084863	404	129	152	245	97	89	209	193	214	125	133	110	164.19	205	123	0.598	-0.742	-3.505	0.000456526974796037	0.0137829327123536	0	0.1165	0.0256	0.0256	TRUE	0.0699
FBtr0100833	212	59	64	84	39	40	110	88	90	43	54	50	72.39	96	49	0.497	-1.01	-3.5	0.000464845620953786	0.0139760406632117	0	0.1517	0.044	0.044	TRUE	0.1836
FBtr0346089	18984	6056	6699	10316	4567	5495	9825	9071	9437	5268	6272	6817	7781.5	9444	6119	0.648	-0.627	-3.497	0.000470268332822118	0.0141116180296774	0.0088	0.0892	0.023	0.023	TRUE	0.1818
FBtr0088902	1196	319	437	480	274	185	619	478	616	245	376	230	427.21	571	284	0.495	-1.014	-3.486	0.000489535883372098	0.0145309035547719	0.043	0.0993	0.0582	0.0582	TRUE	0.8777
FBtr0100449	436	92	62	115	40	26	226	138	87	59	55	32	99.45	150	49	0.323	-1.629	-3.485	0.0004913763617175	0.0145309035547719	0.1474	0.1346	0.1431	0.1431	TRUE	0.1847
FBtr0321285	1607	509	461	992	296	299	832	762	649	507	406	371	587.91	748	428	0.573	-0.803	-3.485	0.000491589101296709	0.0145309035547719	0.0183	0.0964	0.0363	0.0363	TRUE	0.3153
FBtr0304933	1398	435	359	471	240	307	724	652	506	241	330	381	471.96	627	317	0.503	-0.99	-3.485	0.000492986798552077	0.014550468569205	0.041	0.0983	0.0557	0.0557	TRUE	0.4824
FBtr0331653	214	76	69	107	46	45	111	114	97	55	63	56	82.57	107	58	0.535	-0.902	-3.483	0.000495987181851356	0.014595456132605	0	0.144	0.0346	0.0346	TRUE	0.0569
FBtr0079321	3086	1021	1313	1476	729	882	1597	1529	1850	754	1001	1094	1304.17	1659	950	0.572	-0.806	-3.481	0.000500189660724997	0.0146972519180339	0.0211	0.0921	0.0378	0.0378	TRUE	0.401
FBtr0085375	913	382	321	616	213	260	473	572	452	315	293	323	404.41	499	310	0.622	-0.684	-3.476	0.000508409407479619	0.0149166113247915	0.0063	0.0999	0.0251	0.0251	TRUE	0.1822
FBtr0305603	349	124	101	90	70	60	181	186	142	46	96	74	120.86	170	72	0.419	-1.256	-3.476	0.000509537954744503	0.0149275748964038	0.065	0.1264	0.0836	0.0836	TRUE	0.8474
FBtr0087370	1383	524	554	899	334	447	716	785	780	459	459	555	625.55	760	491	0.645	-0.632	-3.472	0.000516834103488568	0.0151189266220214	0.0051	0.0959	0.0221	0.0221	TRUE	0.1466
FBtr0080391	21553	9806	10462	9428	5118	6763	11154	14687	14738	4814	7028	8390	10135.41	13526	6744	0.499	-1.004	-3.463	0.000534029056955426	0.0155306403709344	0.0472	0.0891	0.0605	0.0605	TRUE	0.7676
FBtr0113142	2862	844	800	1446	531	712	1481	1264	1127	738	729	883	1037.2	1291	783	0.606	-0.722	-3.464	0.00053264861960765	0.0155306403709344	0.0141	0.093	0.0302	0.0302	TRUE	0.2048
FBtr0344824	764	49	188	119	37	9	395	73	265	61	51	11	142.73	244	41	0.168	-2.573	-3.463	0.00053404983323567	0.0155306403709344	0.5622	0.1206	0.383	0.383	TRUE	0.1124
FBtr0081254	13980	4627	4842	8222	3683	4027	7235	6930	6821	4199	5058	4996	5873.08	6995	4751	0.679	-0.559	-3.452	0.000555886289495856	0.0161419256604707	0.0053	0.0894	0.0187	0.0187	TRUE	0.1272
FBtr0306233	892	243	292	415	190	212	462	364	411	212	261	263	328.8	412	245	0.591	-0.759	-3.451	0.000557711032531898	0.0161510487372279	0.0124	0.1025	0.0314	0.0314	TRUE	0.1768
FBtr0334306	5146	1687	1591	3197	1152	1442	2663	2527	2241	1633	1582	1789	2072.45	2477	1668	0.673	-0.571	-3.451	0.000557833946271893	0.0161510487372279	0.0051	0.0908	0.0192	0.0192	TRUE	0.0836
FBtr0335406	37	35	15	13	5	4	19	52	21	7	7	5	18.53	31	6	0.204	-2.292	-3.447	0.00056652531467844	0.0163309593261897	0.1679	0.3352	0.2215	0.2215	TRUE	2.0185
FBtr0307029	163	57	59	50	32	35	84	85	83	26	44	43	60.96	84	38	0.435	-1.202	-3.439	0.000584931628593743	0.0167465824993023	0.0267	0.1636	0.0678	0.0678	TRUE	0.8809
FBtr0301559	2653	762	734	1390	547	621	1373	1141	1034	710	751	770	963.28	1183	744	0.628	-0.672	-3.436	0.000590935210124148	0.016862545137381	0.0109	0.0934	0.0264	0.0264	TRUE	0.244
FBtr0076729	1656	538	560	1073	436	447	857	806	789	548	599	555	692.16	817	567	0.692	-0.53	-3.434	0.000594038518359775	0.0169266739201218	0	0.0952	0.0156	0.0156	TRUE	0.0268
FBtr0332120	2753	790	694	1501	484	494	1425	1183	978	766	665	613	938.28	1195	681	0.57	-0.811	-3.434	0.000595060128321554	0.0169313871044011	0.0224	0.0935	0.039	0.039	TRUE	0.1437
FBtr0302786	251	93	64	123	31	47	130	139	90	63	43	58	87.17	120	55	0.459	-1.123	-3.431	0.000601570165884417	0.0170920259056959	0.0302	0.141	0.0634	0.0634	TRUE	0.4219
FBtr0300330	45	12	8	7	2	2	23	18	11	4	3	2	10.22	17	3	0.171	-2.551	-3.428	0.000607048054056606	0.017222920041563	0	0.5354	0.214	0.214	TRUE	0.0926
FBtr0310624	96	37	35	47	15	18	50	55	49	24	21	22	36.89	51	22	0.44	-1.186	-3.427	0.00061126742169419	0.0172730334256686	0	0.2125	0.0542	0.0542	TRUE	0.0418
FBtr0331591	300	75	67	100	42	50	155	112	94	51	58	62	88.79	120	57	0.464	-1.108	-3.427	0.000611041571301917	0.0172730334256686	0.034	0.1401	0.0618	0.0618	TRUE	0.4257
FBtr0308638	289	163	100	169	50	30	150	244	141	86	69	37	121.13	178	64	0.364	-1.458	-3.421	0.000622961551588225	0.017573558748441	0.1163	0.1263	0.1198	0.1198	TRUE	1.0884
FBtr0113061	644	334	293	411	161	205	333	500	413	210	221	254	321.93	415	228	0.551	-0.86	-3.418	0.000630021439300926	0.0177128438979612	0.0237	0.1028	0.042	0.042	TRUE	0.1256
FBtr0303445	71	22	20	26	6	7	37	33	28	13	8	9	21.35	33	10	0.32	-1.645	-3.417	0.000632034903419832	0.017728354915074	0	0.3026	0.1044	0.1044	TRUE	0.5041
FBtr0077466	85	34	43	40	9	20	44	51	61	20	12	25	35.51	52	19	0.378	-1.404	-3.415	0.000636742968753519	0.0178351164406527	0.0156	0.2172	0.0858	0.0858	TRUE	0.3166
FBtr0336759	1328	446	496	372	252	324	687	668	699	190	346	402	498.67	685	313	0.455	-1.137	-3.412	0.000645605063665914	0.0180577653946159	0.0693	0.0978	0.0775	0.0775	TRUE	1.4291
FBtr0344431	1378	379	481	849	309	327	713	568	678	434	424	406	536.99	653	421	0.644	-0.634	-3.404	0.000663482590202608	0.018427483456821	0.006	0.0971	0.0229	0.0229	TRUE	0.148
FBtr0339194	59	18	19	13	5	10	31	27	27	7	7	12	18.36	28	9	0.296	-1.755	-3.4	0.000675047638726166	0.0186867219966106	0	0.3374	0.1154	0.1154	TRUE	0.3554
FBtr0086272	555	158	146	260	106	76	287	237	206	133	146	94	183.7	243	124	0.509	-0.973	-3.388	0.000703726948162358	0.019408926638648	0.0304	0.1135	0.053	0.053	TRUE	0.3318
FBtr0099990	15070	6075	5450	10878	4227	4603	7799	9099	7677	5555	5805	5711	6940.97	8192	5690	0.695	-0.526	-3.383	0.000717464798642469	0.0196507844780538	0.0046	0.0893	0.0172	0.0172	TRUE	0.1142
FBtr0083100	2640	975	710	1453	562	612	1366	1460	1000	742	772	759	1016.63	1275	758	0.594	-0.752	-3.381	0.000722668034579438	0.0197386193146525	0.0186	0.0931	0.0346	0.0346	TRUE	0.4214
FBtr0333277	410	142	176	254	107	109	212	213	248	130	147	135	180.78	224	137	0.611	-0.71	-3.377	0.000733110858333989	0.0199412203900339	0	0.1139	0.0257	0.0257	TRUE	0.0869
FBtr0306565	701	214	264	330	118	198	363	321	372	169	162	246	271.9	352	192	0.544	-0.878	-3.374	0.000740594408569697	0.0200619923691312	0.0234	0.1054	0.0445	0.0445	TRUE	0.6148
FBtr0330019	55	9	9	7	2	2	28	13	13	4	3	2	10.57	18	3	0.162	-2.626	-3.37	0.000751391917014755	0.0202988731679874	0	0.5207	0.2522	0.2522	TRUE	1.8418
FBtr0340273	775	287	215	419	158	188	401	430	303	214	217	233	299.67	378	221	0.585	-0.774	-3.368	0.000757121133894463	0.020397275525926	0.0138	0.1039	0.0343	0.0343	TRUE	0.3281
FBtr0075297	311	132	154	170	79	93	161	198	217	87	108	115	147.71	192	103	0.538	-0.893	-3.366	0.000762428455335651	0.020457289965078	0.0188	0.1196	0.0429	0.0429	TRUE	0.2468
FBtr0084963	1745	760	466	958	222	378	903	1138	656	489	305	469	660.15	899	421	0.469	-1.093	-3.356	0.000790456610406822	0.0210948440901416	0.0621	0.0956	0.0745	0.0745	TRUE	0.1081
FBtr0085373	5433	1780	2169	3778	1406	1710	2812	2666	3055	1929	1931	2121	2419.13	2844	1994	0.701	-0.513	-3.354	0.00079526875412539	0.0211661367602013	0.0032	0.0905	0.0164	0.0164	TRUE	0.0505
FBtr0339081	441	138	128	261	77	77	228	207	180	133	106	96	158.3	205	112	0.547	-0.871	-3.348	0.000812782850124719	0.0215742024982769	0.0169	0.1175	0.0415	0.0415	TRUE	0.3467
FBtr0300877	484	136	114	165	92	57	250	204	161	84	126	71	149.35	205	94	0.454	-1.141	-3.336	0.000851218655453676	0.0225335239187833	0.0575	0.1192	0.0761	0.0761	TRUE	0.243
FBtr0077972	611	107	130	165	53	94	316	160	183	84	73	117	155.54	220	91	0.412	-1.28	-3.319	0.00090292208010206	0.0236807481883531	0.0928	0.118	0.0989	0.0989	TRUE	1.7257
FBtr0100176	72	94	80	21	24	19	37	141	113	11	33	24	59.67	97	23	0.228	-2.133	-3.313	0.000924102311906926	0.024000672654284	0.3277	0.1652	0.2698	0.2698	TRUE	0.3344
FBtr0332862	289	97	73	81	33	65	150	145	103	41	45	81	94.17	133	56	0.416	-1.267	-3.312	0.000924829965237139	0.024000672654284	0.0709	0.1371	0.092	0.092	TRUE	1.1826
FBtr0332746	1784	721	792	742	481	473	923	1080	1116	379	661	587	790.85	1040	542	0.52	-0.942	-3.312	0.000926312242158367	0.0240076337990586	0.0438	0.0944	0.0568	0.0568	TRUE	0.8479
FBtr0075173	1050	355	245	412	184	227	543	532	345	210	253	282	360.82	473	248	0.522	-0.937	-3.302	0.000961425734752066	0.0246591360631934	0.0387	0.1013	0.0548	0.0548	TRUE	0.6332
FBtr0332089	131	80	64	36	27	35	68	120	90	18	37	43	62.78	93	33	0.35	-1.514	-3.296	0.000979004384877899	0.025071799794999	0.1151	0.1614	0.1301	0.1301	TRUE	0.3298
FBtr0300853	67	50	14	17	8	9	35	75	20	9	11	11	26.69	43	10	0.237	-2.077	-3.293	0.000991401286314982	0.0252967231443597	0.2067	0.2598	0.2244	0.2244	TRUE	0.3097
FBtr0334566	333	120	78	125	50	72	172	180	110	64	69	89	113.96	154	74	0.476	-1.07	-3.287	0.00101105678541564	0.0257318506198125	0.0406	0.1287	0.0659	0.0659	TRUE	0.6045
FBtr0112501	205	33	58	72	20	20	106	49	82	37	27	25	54.38	79	30	0.377	-1.409	-3.28	0.00103914023071602	0.0262104567122568	0.0808	0.1726	0.1093	0.1093	TRUE	0.1238
FBtr0073724	1656	534	693	944	448	460	857	800	976	482	615	571	716.84	878	556	0.632	-0.662	-3.27	0.00107385497400592	0.0269485813590953	0.0114	0.095	0.0279	0.0279	TRUE	0.1678
FBtr0310034	336	87	78	156	29	32	174	130	110	80	40	40	95.54	138	53	0.39	-1.358	-3.265	0.00109429553329943	0.0274267353244565	0.0994	0.1364	0.1112	0.1112	TRUE	1.0596
FBtr0302693	237	552	182	102	88	63	123	827	256	52	121	78	242.82	402	84	0.208	-2.267	-3.264	0.00109844673209609	0.027495929274937	0.4867	0.1075	0.3399	0.3399	TRUE	0.6786
FBtr0088666	188	100	99	132	44	53	97	150	139	67	60	66	96.69	129	64	0.508	-0.978	-3.264	0.00110006944574228	0.027501736143557	0.0252	0.1359	0.0526	0.0526	TRUE	0.5634
FBtr0343633	499	484	197	210	107	136	258	725	278	107	147	169	280.6	420	141	0.335	-1.577	-3.262	0.00110470200659411	0.0275826795207053	0.1936	0.1049	0.1633	0.1633	TRUE	4.5205
FBtr0302322	194	183	185	35	55	51	100	274	261	18	76	63	131.96	212	52	0.244	-2.033	-3.261	0.00110921515583253	0.0276604409919145	0.3532	0.1233	0.2673	0.2673	TRUE	3.451
FBtr0081484	895	237	272	424	52	40	463	355	383	217	71	50	256.48	400	113	0.283	-1.819	-3.247	0.0011673009991244	0.0288542215721063	0.2882	0.1064	0.2202	0.2202	TRUE	7.2151
FBtr0088337	68	34	63	12	16	13	35	51	89	6	22	16	36.52	58	15	0.245	-2.029	-3.236	0.00121150687465936	0.0298350541050919	0.2515	0.2137	0.2381	0.2381	TRUE	0.4012
FBtr0079268	2937	1050	1178	1607	771	908	1520	1573	1659	821	1059	1126	1293	1584	1002	0.632	-0.663	-3.234	0.00122157746766981	0.0300456398298142	0.014	0.0922	0.0294	0.0294	TRUE	0.3097
FBtr0080775	626	442	258	313	166	166	324	662	363	160	228	206	323.86	450	198	0.44	-1.185	-3.22	0.00128048574749739	0.0313386208623279	0.0899	0.1027	0.0937	0.0937	TRUE	1.921
FBtr0070179	8594	3113	4033	4730	2235	2733	4448	4663	5681	2415	3069	3391	3944.46	4931	2958	0.6	-0.737	-3.219	0.00128465487005783	0.0313791509398807	0.0226	0.0898	0.0375	0.0375	TRUE	0.3164
FBtr0332944	138	51	53	60	32	31	71	76	75	31	44	38	55.92	74	38	0.499	-1.002	-3.211	0.0013215729902115	0.0321057811811208	0	0.1703	0.0494	0.0494	TRUE	0.3016
FBtr0332148	1954	700	759	972	431	617	1011	1048	1069	496	592	765	830.43	1043	618	0.591	-0.758	-3.208	0.00133715146893688	0.0324046204635133	0.0228	0.0941	0.0388	0.0388	TRUE	0.5106
FBtr0079042	482	113	150	259	69	63	249	169	211	132	95	78	155.86	210	102	0.487	-1.037	-3.207	0.00133916126531043	0.0324136034535053	0.0481	0.1179	0.0677	0.0677	TRUE	0.2941
FBtr0113220	476	217	255	330	132	152	246	325	359	169	181	189	244.82	310	180	0.58	-0.785	-3.202	0.0013663497969002	0.0329586556722641	0.019	0.1073	0.0387	0.0387	TRUE	0.4043
FBtr0305218	255	51	61	88	37	32	132	76	86	45	51	40	71.62	98	45	0.454	-1.14	-3.201	0.00136830666945935	0.0329586556722641	0.0449	0.1524	0.0747	0.0747	TRUE	1.0354
FBtr0332205	1578	538	295	593	273	207	817	806	416	303	375	257	495.43	680	312	0.458	-1.127	-3.201	0.00136985097283977	0.0329586556722641	0.0822	0.0979	0.0868	0.0868	TRUE	1.3357
FBtr0343268	92	41	65	50	19	24	48	61	92	26	26	30	47	67	27	0.409	-1.289	-3.198	0.00138600340229035	0.0332623996120044	0.0526	0.1858	0.0903	0.0903	TRUE	0.294
FBtr0082686	511	165	191	341	113	144	264	247	269	174	155	179	214.77	260	169	0.652	-0.618	-3.195	0.00139912347029888	0.033536565606255	0	0.1099	0.0219	0.0219	TRUE	0.0494
FBtr0300822	1301	720	712	988	357	446	673	1078	1003	505	490	553	717.13	918	516	0.563	-0.829	-3.194	0.00140160487573432	0.0335553709656732	0.032	0.095	0.0469	0.0469	TRUE	0.6695
FBtr0307027	134	48	56	73	31	28	69	72	79	37	43	35	55.79	73	38	0.521	-0.942	-3.194	0.00140535194663065	0.0336043950962771	0	0.1705	0.0423	0.0423	TRUE	0.0535
FBtr0110933	96	46	46	43	25	20	50	69	65	22	34	25	44.08	61	27	0.438	-1.191	-3.189	0.00142558480170807	0.0340059583278372	0.0234	0.1923	0.0726	0.0726	TRUE	0.3094
FBtr0079664	8918	3346	3313	6509	2520	2975	4615	5012	4667	3324	3461	3691	4128.2	4765	3492	0.733	-0.449	-3.185	0.00144616415735055	0.0344138341896595	0.0021	0.0897	0.014	0.014	TRUE	0.0302
FBtr0331945	53	21	12	16	6	4	27	31	17	8	8	5	16.19	25	7	0.286	-1.807	-3.184	0.00145208465518127	0.0345131899714059	0	0.3707	0.1441	0.1441	TRUE	0.3082
FBtr0071813	25751	8015	8491	18219	6317	7514	13327	12005	11961	9303	8675	9322	10765.56	12431	9100	0.732	-0.45	-3.183	0.00145670371531418	0.0345814117290971	0.0026	0.0891	0.0143	0.0143	TRUE	0.0488
FBtr0078031	4848	1425	1389	3007	1077	1142	2509	2134	1957	1536	1479	1417	1838.55	2200	1477	0.671	-0.576	-3.18	0.00147119545807514	0.0348835613710263	0.0082	0.0911	0.023	0.023	TRUE	0.1858
FBtr0077625	725	257	273	468	104	191	375	385	385	239	143	237	293.91	382	206	0.543	-0.881	-3.174	0.00150475196437486	0.0355263295310272	0.0317	0.1042	0.0515	0.0515	TRUE	0.7328
FBtr0085713	77727	25395	27792	58829	21772	24544	40226	38036	39151	30041	29899	30449	34633.71	39138	30130	0.77	-0.377	-3.173	0.00151105832637729	0.0355728314334654	4e-04	0.0888	0.0102	0.0102	TRUE	0.0074
FBtr0076530	87	88	52	63	7	4	45	132	73	32	10	5	49.47	83	16	0.196	-2.353	-3.163	0.00156260735021731	0.0366554689804832	0.4806	0.181	0.3607	0.3607	TRUE	0.6274
FBtr0113425	107	48	27	36	21	14	55	72	38	18	29	17	38.32	55	21	0.385	-1.378	-3.154	0.00161256355026048	0.0376935539238336	0.05	0.2078	0.104	0.104	TRUE	0.0944
FBtr0112920	52	16	17	17	6	7	27	24	24	9	8	9	16.74	25	9	0.341	-1.553	-3.147	0.00164994851978501	0.0384307797158405	0	0.3615	0.0983	0.0983	TRUE	0.0452
FBtr0078187	523	172	168	241	120	137	271	258	237	123	165	170	203.8	255	153	0.593	-0.755	-3.138	0.00170173704968493	0.0394511725176079	0.0139	0.1111	0.0362	0.0362	TRUE	0.3577
FBtr0074432	65	78	74	17	17	24	34	117	104	9	23	30	52.75	85	21	0.239	-2.065	-3.13	0.00175044481091117	0.0403438766151146	0.3411	0.1752	0.2818	0.2818	TRUE	1.3784
FBtr0273385	316	78	89	167	41	43	164	117	125	85	56	53	100.11	135	65	0.485	-1.045	-3.128	0.00176223613893185	0.0404741227031095	0.043	0.1343	0.0686	0.0686	TRUE	0.8189
FBtr0339189	1370	322	378	695	259	258	709	482	532	355	356	320	459.07	574	344	0.596	-0.746	-3.128	0.00176074525878109	0.0404741227031095	0.0213	0.0986	0.0385	0.0385	TRUE	0.5118
FBtr0304993	931	390	384	282	198	263	482	584	541	144	272	326	391.51	536	247	0.46	-1.12	-3.126	0.00177406622389501	0.0406985609948073	0.0848	0.1003	0.0894	0.0894	TRUE	1.6096
FBtr0074301	5827	2301	2654	3080	1612	1853	3016	3446	3739	1573	2214	2299	2714.35	3400	2029	0.596	-0.746	-3.125	0.00177925345736645	0.0407254609596024	0.0243	0.0903	0.0406	0.0406	TRUE	0.4738
FBtr0342976	103	30	18	22	13	12	53	45	25	11	18	15	27.93	41	15	0.342	-1.547	-3.123	0.00178914410104312	0.0409021093619974	0.0714	0.2522	0.129	0.129	TRUE	0.2923
FBtr0070207	363	101	114	185	61	91	188	151	161	94	84	113	131.81	167	97	0.579	-0.788	-3.113	0.00185475424105536	0.0422068643462252	0.0089	0.1233	0.0377	0.0377	TRUE	0.1731
FBtr0113477	157	152	83	92	17	50	81	228	117	47	23	62	93.03	142	44	0.314	-1.673	-3.109	0.00187721903362186	0.0426199843741358	0.22	0.1377	0.1931	0.1931	TRUE	0.4571
FBtr0086584	5042	1476	1453	2316	1070	1301	2609	2211	2047	1183	1469	1614	1855.51	2289	1422	0.62	-0.689	-3.107	0.00188892848721907	0.0427875840031582	0.0191	0.0911	0.0348	0.0348	TRUE	0.2667
FBtr0071993	66	19	34	26	4	13	34	28	48	13	5	16	24.23	37	11	0.323	-1.629	-3.105	0.00190217705410929	0.0429401269920219	0.0424	0.2771	0.1418	0.1418	TRUE	0.4466
FBtr0086516	3106	1016	979	1955	796	888	1607	1522	1379	998	1093	1102	1283.57	1503	1064	0.707	-0.5	-3.105	0.00190139363109837	0.0429401269920219	0.0039	0.0922	0.0178	0.0178	TRUE	0.0618
FBtr0089409	179	72	74	117	44	35	93	108	104	60	60	43	78.05	102	54	0.543	-0.881	-3.093	0.00198030399222625	0.0442992210930702	0	0.1472	0.0439	0.0439	TRUE	0.2279
FBtr0084139	1222	433	462	914	349	372	632	649	651	467	479	462	556.55	644	469	0.729	-0.456	-3.089	0.00200558466699167	0.0447634726746731	0	0.0968	0.0138	0.0138	TRUE	0.0038
FBtr0072436	993	333	352	636	263	299	514	499	496	325	361	371	427.57	503	352	0.698	-0.518	-3.087	0.00202393169116747	0.0450712265685099	0	0.0993	0.0178	0.0178	TRUE	0.0599
FBtr0079667	2811	468	456	890	291	305	1455	701	642	454	400	378	671.77	933	411	0.44	-1.185	-3.084	0.00204216461862414	0.0454261027371118	0.1085	0.0954	0.1044	0.1044	TRUE	2.9054
FBtr0071346	245	54	40	64	12	34	127	81	56	33	16	42	59.23	88	30	0.345	-1.535	-3.081	0.00206192823722666	0.0458141920125362	0.1508	0.1658	0.156	0.156	TRUE	0.2203
FBtr0070399	54	19	22	16	8	11	28	28	31	8	11	14	20.03	29	11	0.363	-1.46	-3.069	0.00214786854384665	0.0476167045454793	0	0.3166	0.0988	0.0988	TRUE	0.3827
FBtr0089951	1437	157	113	205	99	52	744	235	159	105	136	65	240.53	379	102	0.267	-1.903	-3.069	0.00215097246568161	0.0476321170311914	0.3696	0.1076	0.2707	0.2707	TRUE	1.7242
FBtr0300976	107	8	19	17	4	4	55	12	27	9	5	5	18.88	31	6	0.205	-2.283	-3.065	0.00217894152271473	0.0481436520800937	0.295	0.3306	0.3074	0.3074	TRUE	0.1825
FBtr0300415	146	49	49	66	32	32	76	73	69	34	44	40	55.89	73	39	0.529	-0.92	-3.062	0.00220059497327829	0.0485136740207114	0	0.1704	0.0448	0.0448	TRUE	0.1666
FBtr0308827	442	192	239	308	107	56	229	288	337	157	147	69	204.45	285	124	0.441	-1.182	-3.057	0.00223417109921128	0.0491443086617386	0.0971	0.111	0.1016	0.1016	TRUE	0.5862
FBtr0303097	547	134	164	199	91	129	283	201	231	102	125	160	183.57	238	129	0.535	-0.902	-3.056	0.00224185837939544	0.0492586105028276	0.036	0.1135	0.0564	0.0564	TRUE	0.3708
