Id	Ctrl1	Ctrl3	Ctrl4	RNAi1	RNAi3	RNAi4	norm.Ctrl1	norm.Ctrl3	norm.Ctrl4	norm.RNAi1	norm.RNAi3	norm.RNAi4	baseMean	Untreated	RNAi	FoldChange	log2FoldChange	stat	pvalue	padj	dispGeneEst	dispFit	dispMAP	dispersion	betaConv	maxCooks
FBtr0337020	105	24	35	2749	1052	969	54	36	49	1404	1445	1202	698.37	46	1350	28.395	4.828	18.937	5.66530366148382e-80	1.12031379905843e-75	0.0104	0.0952	0.0353	0.0353	TRUE	0.2442
FBtr0112994	60	23	60	8888	4998	5271	31	34	85	4539	6864	6539	3015.26	50	5981	121.352	6.923	15.665	2.62612036506542e-55	1.03863060438337e-51	0.1542	0.0902	0.1294	0.1294	TRUE	2.5919
FBtr0305073	191	92	67	1608	583	696	99	138	94	821	801	863	469.37	110	828	7.571	2.92	12.628	1.47517910928109e-36	2.4309722405028e-33	0.0037	0.0984	0.0329	0.0329	TRUE	0.4009
FBtr0073426	549	268	262	4784	2222	2631	284	401	369	2443	3051	3264	1635.5	351	2919	8.336	3.059	12.573	2.98320665927667e-36	4.53791628363048e-33	0.0231	0.0914	0.0409	0.0409	TRUE	0.3487
FBtr0089349	1500	393	451	6426	2612	2788	776	589	635	3281	3587	3459	2054.58	667	3442	5.147	2.364	12.33	6.24121628159605e-35	7.71375324803512e-32	0.0104	0.0909	0.0255	0.0255	TRUE	0.2553
FBtr0342810	333	94	91	4643	1451	1089	172	141	128	2371	1993	1351	1025.98	147	1905	12.888	3.688	12.117	8.60856718491603e-34	1.00137891812773e-30	0.0515	0.0931	0.0627	0.0627	TRUE	0.1143
FBtr0087258	963	265	242	5327	2285	2110	498	397	341	2720	3138	2618	1618.67	412	2825	6.829	2.772	12	3.55301657162443e-33	3.90338348354851e-30	0.0214	0.0915	0.0369	0.0369	TRUE	0.4116
FBtr0081619	132	39	60	945	388	516	68	58	85	483	533	640	311.13	70	552	7.838	2.97	11.401	4.14658452078241e-30	4.09993544492361e-27	0.0172	0.1033	0.0402	0.0402	TRUE	0.1873
FBtr0342806	149	79	82	2611	2445	2078	77	118	116	1333	3358	2578	1263.32	104	2423	23.512	4.555	11.028	2.79603874107616e-28	2.12660254249158e-25	0.1293	0.0923	0.1173	0.1173	TRUE	0.0979
FBtr0342814	677	213	248	2927	1632	1738	350	319	349	1495	2241	2156	1151.8	339	1964	5.775	2.53	10.396	2.59736673042631e-25	1.71209756980601e-22	0.0258	0.0926	0.0408	0.0408	TRUE	0.5362
FBtr0347567	196	93	160	3728	1160	1341	101	139	225	1904	1593	1664	937.75	155	1720	11.156	3.48	10.069	7.60530697925812e-24	4.55742259135847e-21	0.0828	0.0935	0.0821	0.0821	TRUE	1.5618
FBtr0080263	221	50	45	1679	1225	1528	114	75	63	857	1682	1896	781.32	84	1478	17.366	4.118	9.965	2.1783278806931e-23	1.26695393649135e-20	0.1268	0.0945	0.1161	0.1161	TRUE	0.4396
FBtr0081614	153	41	33	875	333	479	79	61	46	447	457	594	280.91	62	499	7.859	2.974	9.816	9.57728063080744e-23	5.4111635564062e-20	0.0345	0.1049	0.0565	0.0565	TRUE	0.6269
FBtr0088136	74	21	49	1084	309	399	38	31	69	554	424	495	268.61	46	491	10.734	3.424	9.787	1.27804276997356e-22	7.02035993784085e-20	0.0563	0.1056	0.0752	0.0752	TRUE	0.6846
FBtr0078841	28	10	12	309	92	104	14	15	17	158	126	129	76.59	15	138	9.063	3.18	9.268	1.89246534155083e-20	9.35587553229193e-18	0	0.1483	0.0479	0.0479	TRUE	0.1932
FBtr0072635	123	48	34	665	381	334	64	72	48	340	523	414	243.43	61	426	6.932	2.793	9.242	2.42770298397025e-20	1.17092259775638e-17	0.0353	0.1074	0.0557	0.0557	TRUE	0.1025
FBtr0076772	948	252	301	3104	1006	1183	491	377	424	1585	1382	1468	954.38	431	1478	3.421	1.774	9.113	7.98119499901738e-20	3.67042165361788e-17	0.0089	0.0934	0.0257	0.0257	TRUE	0.1837
FBtr0302291	7097	2315	2578	17634	7581	7047	3673	3467	3632	9005	10411	8743	6488.34	3591	9386	2.613	1.386	8.825	1.09690754674563e-18	4.82029927486552e-16	0.0047	0.0893	0.0176	0.0176	TRUE	0.1111
FBtr0077831	71	19	27	331	152	154	37	28	38	169	209	191	112.01	34	190	5.43	2.441	8.692	3.56067711883087e-18	1.49813595797618e-15	0	0.1294	0.039	0.039	TRUE	0.1061
FBtr0113386	19	6	5	229	84	69	10	9	7	117	115	86	57.29	9	106	11.97	3.581	8.543	1.30946205188331e-17	5.28461470938622e-15	0	0.1684	0.0654	0.0654	TRUE	0.2601
FBtr0342607	29	16	15	265	92	116	15	24	21	135	126	144	77.61	20	135	7.061	2.82	8.376	5.49872525434025e-17	2.09110176739574e-14	0	0.1475	0.0509	0.0509	TRUE	0.5148
FBtr0076454	1477	468	652	4493	1668	2060	764	701	918	2294	2291	2556	1587.41	794	2380	2.996	1.583	8.269	1.35605539581105e-16	4.875635536757e-14	0.0107	0.0915	0.0255	0.0255	TRUE	0.2138
FBtr0085155	990	343	433	2901	1315	1530	512	514	610	1481	1806	1898	1136.91	545	1728	3.17	1.665	8.197	2.47034444790866e-16	8.42259680299891e-14	0.0127	0.0927	0.0284	0.0284	TRUE	0.1925
FBtr0290078	189	54	80	678	282	381	98	81	113	346	387	473	249.59	97	402	4.126	2.045	7.897	2.8474653255082e-15	8.28068041351832e-13	0.0189	0.1069	0.0414	0.0414	TRUE	0.2136
FBtr0340240	529	102	102	5508	1146	1066	274	153	144	2813	1574	1322	1046.52	190	1903	9.962	3.316	7.834	4.70862964645666e-15	1.33018787512401e-12	0.1423	0.093	0.1259	0.1259	TRUE	0.7337
FBtr0472696	181	98	77	1067	587	912	94	147	108	545	806	1131	471.89	116	827	7.147	2.837	7.716	1.19646792127303e-14	3.33241593565834e-12	0.0892	0.0983	0.092	0.092	TRUE	0.0812
FBtr0113323	49	26	34	392	172	165	25	39	48	200	236	205	125.55	37	214	5.893	2.559	7.706	1.29455308192206e-14	3.55552599930678e-12	0.0308	0.125	0.0622	0.0622	TRUE	0.9236
FBtr0075928	107	44	42	448	152	225	55	66	59	229	209	279	149.51	60	239	4.003	2.001	7.702	1.33620829597404e-14	3.61966014423105e-12	0	0.1192	0.0375	0.0375	TRUE	0.2276
FBtr0342805	114	61	61	723	240	243	59	91	86	369	330	301	206.09	79	333	4.316	2.11	7.588	3.24016956893556e-14	7.81394551532935e-12	0.0234	0.1108	0.0471	0.0471	TRUE	0.5964
FBtr0089581	538	391	334	4771	1933	1811	278	586	471	2436	2655	2247	1445.36	445	2446	5.517	2.464	7.543	4.57631365948353e-14	1.09032051344924e-11	0.0623	0.0918	0.0754	0.0754	TRUE	1.3065
FBtr0301487	818	500	372	4780	3392	3782	423	749	524	2441	4658	4692	2247.88	565	3930	6.96	2.799	7.486	7.10467897546505e-14	1.61488536482553e-11	0.0958	0.0907	0.0996	0.0996	TRUE	1.3445
FBtr0332963	149	58	53	556	175	195	77	87	75	284	240	242	167.47	80	255	3.234	1.693	7.38	1.58304018040291e-13	3.40267603994212e-11	0	0.1159	0.0291	0.0291	TRUE	0.1177
FBtr0087090	52	12	23	338	106	98	27	18	32	173	146	122	86.17	26	147	5.669	2.503	7.238	4.56384569791024e-13	9.20918864042602e-11	0.0238	0.1416	0.0623	0.0623	TRUE	0.1308
FBtr0077236	353	100	83	1070	360	407	183	150	117	546	494	505	332.51	150	515	3.41	1.77	7.114	1.12448770159389e-12	2.24613578777972e-10	0.0191	0.1024	0.0399	0.0399	TRUE	0.4474
FBtr0333073	435	138	126	1256	447	416	225	207	177	641	614	516	396.77	203	590	2.897	1.534	7.107	1.18986464552361e-12	2.35295733652294e-10	0.0107	0.1002	0.03	0.03	TRUE	0.1402
FBtr0346714	149	13	13	1173	453	511	77	19	18	599	622	634	328.32	38	618	15.621	3.965	6.988	2.79289079442333e-12	5.41464857448249e-10	0.2989	0.1026	0.2171	0.2171	TRUE	7.244
FBtr0075699	733	89	205	3655	1245	1463	379	133	289	1866	1710	1815	1032.1	267	1797	6.697	2.744	6.872	6.34168080153529e-12	1.18308243255057e-09	0.1223	0.0931	0.1125	0.1125	TRUE	2.0363
FBtr0073359	3934	1398	1290	8536	3640	3343	2036	2094	1817	4359	4999	4147	3242.01	1982	4502	2.27	1.183	6.864	6.67355972126919e-12	1.23336115409438e-09	0.007	0.0901	0.021	0.021	TRUE	0.113
FBtr0302034	146	69	58	1395	288	294	76	103	82	712	396	365	288.87	87	491	5.695	2.51	6.851	7.31247520074836e-12	1.33892775087777e-09	0.0808	0.1045	0.0892	0.0892	TRUE	1.8729
FBtr0072102	112	51	42	384	181	215	58	76	59	196	249	267	150.82	64	237	3.697	1.886	6.843	7.76239256637092e-12	1.39953526256957e-09	0.0187	0.1189	0.0441	0.0441	TRUE	0.2817
FBtr0332478	60	17	28	289	275	213	31	25	39	148	378	264	147.57	32	263	8.203	3.036	6.804	1.01993862801763e-11	1.80082914009362e-09	0.1266	0.1196	0.1243	0.1243	TRUE	0.0616
FBtr0332202	609	176	176	3058	696	748	315	264	248	1562	956	928	712.01	276	1149	4.163	2.058	6.787	1.14311498512051e-11	1.98290340620686e-09	0.0534	0.0951	0.0637	0.0637	TRUE	1.2053
FBtr0087089	42	14	14	275	63	92	22	21	20	140	87	114	67.25	21	114	5.475	2.453	6.724	1.76540353447164e-11	3.03572651253710e-09	0	0.1566	0.0663	0.0663	TRUE	0.0716
FBtr0085987	11	3	4	97	47	43	6	4	6	50	65	53	30.54	5	56	10.299	3.364	6.706	1.9936512039498e-11	3.3986597032851e-09	0	0.2382	0.0806	0.0806	TRUE	0.1376
FBtr0302833	567	210	177	1275	557	591	293	315	249	651	765	733	501.08	286	716	2.502	1.323	6.704	2.03284860272151e-11	3.435861634087e-09	0.0065	0.0978	0.0254	0.0254	TRUE	0.1279
FBtr0301850	170	60	36	1089	263	263	88	90	51	556	361	326	245.35	76	414	5.424	2.439	6.686	2.29075220379282e-11	3.83895125677992e-09	0.075	0.1073	0.0874	0.0874	TRUE	1.0714
FBtr0071004	32	11	14	166	60	92	17	16	20	85	82	114	55.68	18	94	5.363	2.423	6.676	2.4577288875814e-11	4.08416712201027e-09	0	0.1707	0.0598	0.0598	TRUE	0.3217
FBtr0332847	18	3	9	150	43	63	9	4	13	77	59	78	40.05	9	71	7.976	2.996	6.606	3.93735945268426e-11	6.38207239154354e-09	0.0046	0.2027	0.0843	0.0843	TRUE	0.2901
FBtr0076668	41	30	24	305	121	161	21	45	34	156	166	200	103.6	33	174	5.398	2.433	6.589	4.42547002070328e-11	7.11493249263474e-09	0.0506	0.1327	0.0784	0.0784	TRUE	1.1153
FBtr0342813	191	137	117	1371	486	532	99	205	165	700	667	660	416.06	156	676	4.369	2.127	6.571	4.99088203014052e-11	7.95924936661522e-09	0.0593	0.0996	0.0711	0.0711	TRUE	1.253
FBtr0303709	27	6	10	148	77	56	14	9	14	76	106	69	47.97	12	84	6.576	2.717	6.513	7.36081508065751e-11	1.14614266314962e-08	0	0.1838	0.0784	0.0784	TRUE	0.4451
FBtr0071849	196	91	123	839	390	442	101	136	173	428	536	548	320.56	137	504	3.709	1.891	6.496	8.26791754811278e-11	1.27732866807758e-08	0.0385	0.1029	0.0559	0.0559	TRUE	0.6332
FBtr0305679	536	170	220	1168	487	521	277	255	310	596	669	646	458.92	281	637	2.268	1.181	6.437	1.21639047527514e-10	1.83619249225693e-08	0.0027	0.0986	0.0215	0.0215	TRUE	0.0839
FBtr0346711	1061	386	337	2614	835	934	549	578	475	1335	1147	1159	873.7	534	1214	2.273	1.185	6.403	1.52713579162119e-10	2.23697113180067e-08	0.0067	0.0939	0.0232	0.0232	TRUE	0.1047
FBtr0088506	1527	499	609	3057	1309	1541	790	747	858	1561	1798	1912	1277.67	798	1757	2.199	1.137	6.374	1.84100509585827e-10	2.65736319493411e-08	0.0071	0.0922	0.0219	0.0219	TRUE	0.1174
FBtr0302579	130	59	46	556	195	163	67	88	65	284	268	202	162.4	73	251	3.452	1.787	6.366	1.94078364429231e-10	2.7810867076725e-08	0.0219	0.1168	0.0473	0.0473	TRUE	0.3143
FBtr0079199	77	43	27	331	156	144	40	64	38	169	214	179	117.37	47	187	4.002	2.001	6.302	2.93301001028233e-10	4.11349453569738e-08	0.0241	0.1276	0.0582	0.0582	TRUE	0.6155
FBtr0080892	451	135	163	913	374	393	233	202	230	466	514	488	355.44	222	489	2.196	1.135	6.264	3.74463900846846e-10	5.14237752725444e-08	0	0.1015	0.0201	0.0201	TRUE	0.0584
FBtr0306087	263	43	48	827	322	372	136	64	68	422	442	462	265.69	89	442	4.855	2.279	6.244	4.25742552389458e-10	5.80624756793209e-08	0.0805	0.1058	0.0887	0.0887	TRUE	2.3149
FBtr0077920	866	342	401	2084	814	893	448	512	565	1064	1118	1108	802.54	508	1097	2.163	1.113	6.233	4.56721351667164e-10	6.14398961171304e-08	0.0054	0.0943	0.0214	0.0214	TRUE	0.1364
FBtr0080592	48	19	35	264	133	149	25	28	49	135	183	185	100.82	34	168	4.988	2.318	6.184	6.24716643781207e-10	8.23584775384891e-08	0.0552	0.1339	0.082	0.082	TRUE	0.8767
FBtr0301143	300	145	190	1244	536	686	155	217	268	635	736	851	477.08	213	741	3.491	1.804	6.176	6.58427970023318e-10	8.62279013722591e-08	0.0435	0.0982	0.0581	0.0581	TRUE	0.323
FBtr0114544	357	128	90	1029	332	504	185	192	127	525	456	625	351.65	168	535	3.183	1.671	6.15	7.72855811528698e-10	1.00547524164342e-07	0.0293	0.1016	0.0489	0.0489	TRUE	0.2514
FBtr0332911	76	31	53	362	179	182	39	46	75	185	246	226	136.15	53	219	4.15	2.053	5.997	2.00535809042864e-09	2.50987064798901e-07	0.0481	0.1222	0.0716	0.0716	TRUE	0.8764
FBtr0076453	609	183	208	1523	430	594	315	274	293	778	591	737	497.9	294	702	2.384	1.253	5.972	2.33949776395956e-09	2.89147301764377e-07	0.0116	0.0978	0.0291	0.0291	TRUE	0.2212
FBtr0301492	66	28	31	224	112	115	34	42	44	114	154	143	88.44	40	137	3.466	1.793	5.97	2.37077207009419e-09	2.91192656435482e-07	0	0.1403	0.0477	0.0477	TRUE	0.2522
FBtr0086555	54	14	19	191	67	71	28	21	27	98	92	88	58.88	25	93	3.613	1.853	5.915	3.31431969633246e-09	4.02090012239107e-07	0	0.1662	0.045	0.045	TRUE	0.0903
FBtr0083467	175	65	67	563	154	205	91	97	94	287	211	254	172.6	94	251	2.688	1.427	5.906	3.51188683287581e-09	4.23460744634873e-07	0.011	0.1151	0.0342	0.0342	TRUE	0.1217
FBtr0076885	666	223	237	1222	467	506	345	334	334	624	641	628	484.27	338	631	1.867	0.901	5.875	4.2218852434494e-09	4.99926830474322e-07	0	0.0981	0.0145	0.0145	TRUE	0.0045
FBtr0110925	63	26	37	851	125	165	33	39	52	435	172	205	155.76	41	271	6.646	2.733	5.859	4.65510388309573e-09	5.47944519572726e-07	0.1485	0.118	0.1412	0.1412	TRUE	1.5948
FBtr0082017	24	11	11	190	43	60	12	16	15	97	59	74	45.82	14	77	5.382	2.428	5.836	5.3578015596852e-09	6.2323838731044e-07	0	0.1883	0.082	0.082	TRUE	0.1263
FBtr0087820	37	11	19	165	63	62	19	16	27	84	87	77	51.68	21	83	4.014	2.005	5.823	5.78509320209102e-09	6.65117546926453e-07	0	0.177	0.054	0.054	TRUE	0.2315
FBtr0299564	168	72	72	441	194	235	87	108	101	225	266	292	179.89	99	261	2.658	1.411	5.798	6.71574936686973e-09	7.58879678456279e-07	0.0121	0.114	0.0351	0.0351	TRUE	0.1794
FBtr0301964	145	145	135	1290	1126	1369	75	217	190	659	1546	1698	730.97	161	1301	8.131	3.023	5.78	7.45575595823238e-09	8.23673598179024e-07	0.2496	0.0949	0.1932	0.1932	TRUE	1.2188
FBtr0072506	837	509	535	4188	1428	1689	433	762	754	2139	1961	2095	1357.37	650	2065	3.187	1.672	5.774	7.73581012601277e-09	8.49864695788347e-07	0.0477	0.092	0.0593	0.0593	TRUE	1.0428
FBtr0076496	423	153	205	1095	435	596	219	229	289	559	597	739	438.8	246	632	2.578	1.366	5.752	8.8049923114505e-09	9.61981894800738e-07	0.0189	0.0991	0.0376	0.0376	TRUE	0.2577
FBtr0082760	1318	442	537	2644	1035	1378	682	662	756	1350	1421	1710	1096.94	700	1494	2.133	1.093	5.738	9.60750458755167e-09	1.04389232537821e-06	0.0091	0.0928	0.025	0.025	TRUE	0.1915
FBtr0081686	539	158	185	1000	472	500	279	237	261	511	648	620	425.89	259	593	2.28	1.189	5.733	9.86451247592684e-09	1.06596029623745e-06	0.0103	0.0994	0.028	0.028	TRUE	0.1832
FBtr0300017	19402	7626	6844	40619	23430	24499	10041	11422	9641	20742	32176	30394	19069.33	10368	27771	2.678	1.421	5.73	1.00342081535056e-08	1.07840470780203e-06	0.0285	0.0889	0.0443	0.0443	TRUE	0.6006
FBtr0073974	32	8	12	143	55	47	17	12	17	73	76	58	42.05	15	69	4.482	2.164	5.7	1.19854340954866e-08	1.2540315303611e-06	0	0.1973	0.063	0.063	TRUE	0.1455
FBtr0089716	480	209	170	1139	606	571	248	313	239	582	832	708	487.19	267	707	2.651	1.406	5.663	1.48549200231948e-08	1.52997939301394e-06	0.0231	0.098	0.0416	0.0416	TRUE	0.0927
FBtr0301838	2821	773	908	4828	2028	2379	1460	1158	1279	2465	2785	2951	2016.44	1299	2734	2.101	1.071	5.656	1.54566457170535e-08	1.5837055391437e-06	0.0101	0.0909	0.0252	0.0252	TRUE	0.1448
FBtr0333721	182	58	58	453	486	460	94	87	82	231	667	571	288.7	88	490	5.57	2.478	5.634	1.75759911383535e-08	1.76429048102e-06	0.145	0.1045	0.1319	0.1319	TRUE	0.4665
FBtr0304914	192	54	79	852	226	202	99	81	111	435	310	251	214.59	97	332	3.423	1.775	5.592	2.24591380616474e-08	2.22064727584538e-06	0.0486	0.1099	0.0654	0.0654	TRUE	0.2371
FBtr0331663	91	52	82	701	247	256	47	78	116	358	339	318	209.21	80	338	4.286	2.099	5.592	2.24035967671131e-08	2.22064727584538e-06	0.0816	0.1105	0.093	0.093	TRUE	1.5265
FBtr0308232	383	132	146	738	330	346	198	198	206	377	453	429	310.15	201	420	2.089	1.063	5.578	2.4326388020573e-08	2.38145704508332e-06	0	0.1034	0.0222	0.0222	TRUE	0.1004
FBtr0088663	20102	6412	6907	37030	21575	20189	10403	9604	9730	18909	29629	25047	17220.25	9912	24528	2.474	1.307	5.553	2.81158796195929e-08	2.73887448018448e-06	0.0249	0.0889	0.0398	0.0398	TRUE	0.1364
FBtr0076935	78	26	23	202	84	95	40	39	32	103	115	118	74.68	37	112	2.967	1.569	5.55	2.8624726187653e-08	2.77477431549431e-06	0	0.1498	0.039	0.039	TRUE	0.073
FBtr0082889	45	14	7	197	56	112	23	21	10	101	77	139	61.76	18	106	5.685	2.507	5.543	2.96957645637488e-08	2.86455484999089e-06	0.0837	0.1626	0.1136	0.1136	TRUE	0.1887
FBtr0070392	126	42	53	305	145	172	65	63	75	156	199	213	128.51	68	189	2.794	1.482	5.541	3.01536001028014e-08	2.89459923316941e-06	0.0151	0.1242	0.0408	0.0408	TRUE	0.2987
FBtr0077644	1140	650	596	3773	1967	2209	590	974	840	1927	2701	2741	1628.59	801	2456	3.07	1.618	5.538	3.05414319046447e-08	2.917665777364e-06	0.0457	0.0914	0.0606	0.0606	TRUE	0.6506
FBtr0079062	372	116	136	787	257	318	193	174	192	402	353	395	284.53	186	383	2.059	1.042	5.532	3.17362877692486e-08	3.00279947673154e-06	0	0.1047	0.0213	0.0213	TRUE	0.0516
FBtr0077008	1615	457	668	3446	1355	1337	836	684	941	1760	1861	1659	1290.08	820	1760	2.144	1.1	5.452	4.96992284824364e-08	4.57117322437293e-06	0.0127	0.0922	0.0284	0.0284	TRUE	0.2401
FBtr0300272	50	12	5	217	77	74	26	18	7	111	106	92	59.88	17	103	5.767	2.528	5.408	6.35812156501766e-08	5.74118054558101e-06	0.086	0.1649	0.1223	0.1223	TRUE	1.6523
FBtr0345429	105	37	35	244	111	116	54	55	49	125	152	144	96.67	53	140	2.625	1.393	5.371	7.84739830180968e-08	6.95884759723257e-06	0	0.1359	0.0348	0.0348	TRUE	0.1188
FBtr0082069	41	21	6	240	67	134	21	31	8	123	92	166	73.66	20	127	6.232	2.64	5.35	8.79360246642059e-08	7.72859950104298e-06	0.1399	0.1507	0.1446	0.1446	TRUE	0.2724
FBtr0113020	57	20	18	186	67	64	29	30	25	95	92	79	58.53	28	89	3.134	1.648	5.344	9.09624000897225e-08	7.95921000785072e-06	0	0.1667	0.0444	0.0444	TRUE	0.0753
FBtr0344758	24	12	6	158	41	123	12	18	8	81	56	153	54.74	13	97	7.497	2.906	5.324	1.0172041935203e-07	8.78393577592311e-06	0.1652	0.1721	0.1676	0.1676	TRUE	0.3117
FBtr0071537	1193	279	335	2631	826	930	617	418	472	1344	1134	1154	856.47	502	1211	2.402	1.265	5.319	1.04494990368579e-07	8.98429754147238e-06	0.0235	0.094	0.0392	0.0392	TRUE	0.4897
FBtr0299837	7634	2943	2209	20229	6711	6234	3951	4408	3112	10330	9216	7734	6458.42	3824	9093	2.378	1.25	5.313	1.07820719311039e-07	9.19032208782671e-06	0.0248	0.0893	0.0397	0.0397	TRUE	0.2127
FBtr0079543	3534	1301	1246	6095	2184	2440	1829	1949	1755	3112	2999	3027	2445.25	1844	3046	1.652	0.724	5.307	1.11612028753229e-07	9.47265179654555e-06	7e-04	0.0905	0.013	0.013	TRUE	0.0288
FBtr0073422	293	68	38	854	337	364	152	102	54	436	463	452	276.25	103	450	4.346	2.12	5.303	1.13652755375877e-07	9.60462922033324e-06	0.1063	0.1052	0.1085	0.1085	TRUE	1.4043
FBtr0299920	112	19	24	453	96	156	58	28	34	231	132	194	112.82	40	186	4.524	2.178	5.277	1.31443450980756e-07	1.10139586573917e-05	0.0954	0.1291	0.1066	0.1066	TRUE	0.3404
FBtr0302188	1455	442	474	2337	891	1006	753	662	668	1193	1224	1248	957.96	694	1222	1.755	0.812	5.233	1.66510943927835e-07	1.36835854971721e-05	0.002	0.0934	0.0161	0.0161	TRUE	0.069
FBtr0083397	1929	645	683	3422	1152	1285	998	966	962	1747	1582	1594	1308.36	975	1641	1.683	0.751	5.202	1.97605527829752e-07	1.60149562001367e-05	0.0016	0.0921	0.0141	0.0141	TRUE	0.0398
FBtr0331507	842	230	236	1530	551	611	436	344	332	781	757	758	568.11	371	765	2.054	1.038	5.189	2.11085624061059e-07	1.70376253706426e-05	0.0088	0.0967	0.0267	0.0267	TRUE	0.2903
FBtr0075942	1265	522	429	2748	930	1052	655	782	604	1403	1277	1305	1004.4	680	1328	1.956	0.968	5.168	2.36148119499902e-07	1.88299558996394e-05	0.0075	0.0932	0.024	0.024	TRUE	0.1927
FBtr0078136	149	45	54	315	124	158	77	67	76	161	170	196	124.62	73	176	2.37	1.245	5.169	2.35266487983334e-07	1.88299558996394e-05	0	0.1253	0.0316	0.0316	TRUE	0.1056
FBtr0072712	26	11	7	103	38	52	13	16	10	53	52	65	34.85	13	57	4.242	2.085	5.154	2.54621066816466e-07	2.01405263851824e-05	0	0.2197	0.0701	0.0701	TRUE	0.1211
FBtr0077247	887	203	220	2401	619	756	459	304	310	1226	850	938	681.17	358	1005	2.8	1.486	5.149	2.61215705717869e-07	2.05798429504815e-05	0.0465	0.0953	0.0579	0.0579	TRUE	0.7418
FBtr0113380	5	2	2	59	20	22	3	3	3	30	27	27	15.55	3	28	10.361	3.373	5.097	3.44225006794187e-07	2.69053340290713e-05	0	0.3824	0.1204	0.1204	TRUE	0.0303
FBtr0087870	4	2	1	48	20	25	2	3	1	25	27	31	14.91	2	28	12.945	3.694	5.078	3.82026186847813e-07	2.89447043866494e-05	0	0.395	0.1355	0.1355	TRUE	0.0951
FBtr0306239	38	11	12	249	70	42	20	16	17	127	96	52	54.74	18	92	5.171	2.37	5.026	5.01082332857503e-07	3.75337239858224e-05	0.1033	0.1721	0.1246	0.1246	TRUE	0.1063
FBtr0347201	611	306	276	1857	573	687	316	458	389	948	787	852	625.13	388	862	2.235	1.16	5.022	5.10708395371407e-07	3.79671372874796e-05	0.0184	0.0959	0.0364	0.0364	TRUE	0.3239
FBtr0344873	2	4	3	58	29	42	1	6	4	30	40	52	22.13	4	41	12.638	3.66	4.984	6.21258022960213e-07	4.60126494533266e-05	0.1408	0.295	0.2167	0.2167	TRUE	0.6916
FBtr0086613	77	30	23	195	76	88	40	45	32	100	104	109	71.72	39	104	2.663	1.413	4.971	6.67370872190562e-07	4.90604423701426e-05	0	0.1523	0.0398	0.0398	TRUE	0.1143
FBtr0344978	157	62	43	737	244	142	81	93	61	376	335	176	187.05	78	296	3.787	1.921	4.966	6.8417492875211e-07	5.01094785780481e-05	0.0926	0.1131	0.099	0.099	TRUE	0.6209
FBtr0346713	1301	231	410	2480	1825	1913	673	346	578	1266	2506	2373	1290.46	532	2048	3.841	1.942	4.939	7.84740695546023e-07	5.64299900160822e-05	0.1184	0.0922	0.11	0.11	TRUE	1.3628
FBtr0072767	258	62	94	503	294	366	134	93	132	257	404	454	245.58	120	372	3.085	1.625	4.916	8.84438252500538e-07	6.3139951058477e-05	0.0591	0.1072	0.0727	0.0727	TRUE	0.4419
FBtr0334633	26	8	10	84	53	50	13	12	14	43	73	62	36.21	13	59	4.42	2.144	4.914	8.9341230830878e-07	6.35511812834753e-05	0	0.2148	0.0891	0.0891	TRUE	0.1971
FBtr0333852	148	61	37	336	319	351	77	91	52	172	438	435	210.86	73	348	4.733	2.243	4.893	9.93214705894784e-07	7.01457886038191e-05	0.1583	0.1103	0.1423	0.1423	TRUE	2.3662
FBtr0339391	466	262	164	1645	578	554	241	392	231	840	794	687	530.95	288	774	2.695	1.43	4.888	1.02052811481631e-06	7.17950742965726e-05	0.0446	0.0972	0.0591	0.0591	TRUE	1.0682
FBtr0072649	5466	1910	1907	8612	3049	3642	2829	2861	2686	4398	4187	4518	3579.85	2792	4368	1.564	0.646	4.876	1.08174070199336e-06	7.53219097954887e-05	8e-04	0.0899	0.0123	0.0123	TRUE	0.0158
FBtr0301501	537	149	125	1074	368	565	278	223	176	548	505	701	405.32	226	585	2.577	1.366	4.875	1.08724503913646e-06	7.54395461365738e-05	0.0363	0.0999	0.0532	0.0532	TRUE	0.4928
FBtr0339629	103	43	72	402	150	200	53	64	101	205	206	248	146.42	73	220	3.047	1.608	4.858	1.18408568951222e-06	8.15863920212687e-05	0.0464	0.1198	0.0689	0.0689	TRUE	0.9506
FBtr0347200	644	135	153	1700	428	555	333	202	216	868	588	689	482.57	250	715	2.842	1.507	4.841	1.28882670549282e-06	8.69848058058723e-05	0.0572	0.0981	0.0669	0.0669	TRUE	0.4735
FBtr0112735	30	12	12	100	44	50	16	18	17	51	60	62	37.32	17	58	3.464	1.792	4.83	1.36545385113589e-06	9.09153195495358e-05	0	0.211	0.0593	0.0593	TRUE	0.1206
FBtr0089989	415	160	173	779	335	366	215	240	244	398	460	454	335.01	233	437	1.882	0.912	4.807	1.53133428270802e-06	0.000101278044951676	0.0044	0.1023	0.0224	0.0224	TRUE	0.0784
FBtr0114506	150	53	49	293	147	174	78	79	69	150	202	216	132.23	75	189	2.491	1.316	4.792	1.64829028465173e-06	0.000107220198615092	0.0199	0.1232	0.0444	0.0444	TRUE	0.4107
FBtr0073839	174	41	76	587	155	181	90	61	107	300	213	225	165.95	86	246	2.852	1.512	4.787	1.68889236910247e-06	0.000109501136390168	0.0406	0.1162	0.0634	0.0634	TRUE	0.491
FBtr0079779	168	50	55	325	122	160	87	75	77	166	168	198	128.55	80	177	2.2	1.137	4.752	2.01781263339166e-06	0.000128303038023537	0	0.1242	0.0317	0.0317	TRUE	0.1108
FBtr0088681	2534	845	983	4060	1947	2126	1311	1266	1385	2073	2674	2638	1891.06	1321	2462	1.863	0.897	4.719	2.37582307547403e-06	0.00014820789059148	0.0108	0.0911	0.0254	0.0254	TRUE	0.2343
FBtr0082452	11104	3101	3028	22013	6461	7663	5747	4645	4266	11241	8873	9507	7379.54	4886	9874	2.021	1.015	4.679	2.88759502871968e-06	0.000176786971185547	0.0199	0.0893	0.0337	0.0337	TRUE	0.2914
FBtr0330145	382	160	167	818	673	829	198	240	235	418	924	1028	507.16	224	790	3.524	1.817	4.64	3.47587175595017e-06	0.000210844674766609	0.1117	0.0976	0.1073	0.1073	TRUE	0.9908
FBtr0333013	212	74	88	895	224	187	110	111	124	457	308	232	223.53	115	332	2.908	1.54	4.62	3.84542893503746e-06	0.000228310971246834	0.0602	0.1091	0.0736	0.0736	TRUE	0.2329
FBtr0302151	4	2	1	30	27	29	2	3	1	15	37	36	15.81	2	29	13.605	3.766	4.608	4.07370702576141e-06	0.000239043194167454	0	0.3776	0.2304	0.2304	TRUE	1.6616
FBtr0300815	22	5	14	158	46	35	11	7	20	81	63	43	37.65	13	62	4.942	2.305	4.598	4.26494048165485e-06	0.00024952425451102	0.0833	0.21	0.1312	0.1312	TRUE	0.1712
FBtr0085307	45	7	19	151	48	67	23	10	27	77	66	83	47.78	20	75	3.662	1.873	4.588	4.47249750096654e-06	0.000259365507570713	0	0.1842	0.0874	0.0874	TRUE	0.6158
FBtr0110921	55	31	23	251	114	67	28	46	32	128	157	83	79.19	35	123	3.487	1.802	4.58	4.63886420116323e-06	0.0002658943176174	0.0668	0.1463	0.0918	0.0918	TRUE	0.1449
FBtr0334053	5112	2284	1959	9840	3954	4429	2646	3421	2760	5025	5430	5495	4129.26	2942	5317	1.808	0.854	4.581	4.62716605969373e-06	0.0002658943176174	0.0109	0.0897	0.0248	0.0248	TRUE	0.2445
FBtr0336697	43	19	32	199	74	77	22	28	45	102	102	96	65.76	32	100	3.211	1.683	4.581	4.62016265971718e-06	0.0002658943176174	0.0304	0.1581	0.0747	0.0747	TRUE	0.7812
FBtr0081348	864	274	282	1378	490	594	447	410	397	704	673	737	561.38	418	705	1.68	0.749	4.567	4.95350199933703e-06	0.00028229251307461	0.0014	0.0968	0.0173	0.0173	TRUE	0.0465
FBtr0335180	2159	730	694	3384	1546	1451	1117	1093	978	1728	2123	1800	1473.27	1063	1884	1.77	0.824	4.562	5.05804533693685e-06	0.000287421972810133	0.0076	0.0917	0.0227	0.0227	TRUE	0.1479
FBtr0334846	78	24	20	209	60	80	40	36	28	107	82	99	65.48	35	96	2.727	1.448	4.554	5.25252478551391e-06	0.000297617987488647	0	0.1584	0.0525	0.0525	TRUE	0.2092
FBtr0300649	98	34	56	295	166	122	51	51	79	151	228	151	118.41	60	177	2.95	1.561	4.546	5.46297746505264e-06	0.000308658226775474	0.0512	0.1272	0.0728	0.0728	TRUE	0.6507
FBtr0076364	226	91	130	672	219	275	117	136	183	343	301	341	236.91	145	328	2.278	1.187	4.536	5.73028350366979e-06	0.000322838621894787	0.0226	0.1079	0.044	0.044	TRUE	0.5052
FBtr0077604	1471	484	480	2280	824	930	761	725	676	1164	1132	1154	935.34	721	1150	1.593	0.672	4.527	5.97816382855984e-06	0.000334895721557424	8e-04	0.0935	0.0147	0.0147	TRUE	0.0341
FBtr0089970	3508	1139	1378	5744	2003	2381	1815	1706	1941	2933	2751	2954	2350.06	1821	2879	1.581	0.661	4.525	6.03425978965452e-06	0.000337083297571803	0.0022	0.0906	0.0149	0.0149	TRUE	0.0393
FBtr0075541	171	33	35	606	138	142	88	49	49	309	190	176	143.73	62	225	3.559	1.832	4.519	6.22459974703527e-06	0.000346736507035556	0.1034	0.1204	0.1073	0.1073	TRUE	1.4229
FBtr0112888	586	166	182	953	350	395	303	249	256	487	481	490	377.6	269	486	1.793	0.842	4.514	6.36230197551054e-06	0.000352421629035633	0.0035	0.1007	0.022	0.022	TRUE	0.1522
FBtr0083294	985	354	374	1584	605	733	510	530	527	809	831	909	685.98	522	850	1.627	0.702	4.507	6.56114057341186e-06	0.00036242054424363	0	0.0953	0.0158	0.0158	TRUE	0.0444
FBtr0345339	60	15	12	184	61	53	31	22	17	94	84	66	52.32	23	81	3.358	1.747	4.477	7.57396831409781e-06	0.000412603921243207	0.0358	0.1759	0.0815	0.0815	TRUE	0.5639
FBtr0334586	2040	524	375	4262	1521	1528	1056	785	528	2176	2089	1896	1421.61	790	2054	2.596	1.376	4.454	8.4187467015548e-06	0.000451167252095518	0.0569	0.0919	0.0678	0.0678	TRUE	0.6468
FBtr0086506	43	24	19	376	81	57	22	36	27	192	111	71	76.49	28	125	4.497	2.169	4.452	8.51543408963123e-06	0.000455115430060696	0.1466	0.1484	0.1472	0.1472	TRUE	0.1971
FBtr0332204	283	144	148	850	277	319	146	216	208	434	380	396	296.81	190	403	2.142	1.099	4.416	1.00388471956516e-05	0.000527973944930881	0.0206	0.104	0.0404	0.0404	TRUE	0.5068
FBtr0112807	227	75	63	507	153	171	117	112	89	259	210	212	166.62	106	227	2.133	1.093	4.395	1.10752821861934e-05	0.000579401336592526	0.012	0.1161	0.0372	0.0372	TRUE	0.1831
FBtr0340135	1615	961	897	4838	1976	2538	836	1439	1264	2471	2714	3149	1978.59	1180	2778	2.358	1.237	4.391	1.12777253532839e-05	0.0005884354059662	0.0414	0.0909	0.0565	0.0565	TRUE	0.797
FBtr0074745	234	106	121	537	281	306	121	159	170	274	386	380	248.34	150	347	2.318	1.213	4.382	1.17630966220846e-05	0.000612145357109798	0.0312	0.107	0.05	0.05	TRUE	0.4081
FBtr0082018	475	156	186	953	301	336	246	234	262	487	413	417	343.06	247	439	1.781	0.833	4.376	1.20999699173264e-05	0.000628023373005591	0.0045	0.102	0.0227	0.0227	TRUE	0.1122
FBtr0344560	129	81	99	452	394	534	67	121	139	231	541	662	293.65	109	478	4.4	2.137	4.369	1.24635560605416e-05	0.00064520110234872	0.1989	0.1042	0.1662	0.1662	TRUE	0.2926
FBtr0087816	883	371	367	1655	611	703	457	556	517	845	839	872	681	510	852	1.676	0.745	4.361	1.29368386962324e-05	0.000665434218739231	0.0035	0.0953	0.0193	0.0193	TRUE	0.1046
FBtr0085105	76	18	29	186	70	68	39	27	41	95	96	84	63.77	36	92	2.539	1.344	4.347	1.38192678750989e-05	0.000704319644922887	0	0.1603	0.0487	0.0487	TRUE	0.2294
FBtr0302561	106	15	24	247	83	158	55	22	34	126	114	196	91.21	37	145	3.814	1.931	4.344	1.40063764812642e-05	0.000710112620362471	0.1194	0.1387	0.1244	0.1244	TRUE	1.6985
FBtr0112879	133	48	52	1176	140	163	69	72	73	601	192	202	201.5	71	332	4.67	2.223	4.337	1.44164501315437e-05	0.000727258421814479	0.2158	0.1113	0.1799	0.1799	TRUE	5.9421
FBtr0300889	355	266	129	1344	638	701	184	398	182	686	876	870	532.66	255	811	3.194	1.675	4.335	1.45826072412395e-05	0.0007319062390749	0.1084	0.0972	0.1048	0.1048	TRUE	2.59
FBtr0310064	212	52	47	509	134	176	110	78	66	260	184	218	152.68	85	221	2.581	1.368	4.333	1.47313047024211e-05	0.000737497596178168	0.0413	0.1186	0.063	0.063	TRUE	0.3448
FBtr0334404	1616	457	298	3503	1084	1367	836	684	420	1789	1489	1696	1152.33	647	1658	2.559	1.355	4.326	1.51846613394904e-05	0.000758274439364705	0.0558	0.0926	0.0695	0.0695	TRUE	1.0904
FBtr0076791	97	30	31	199	88	80	50	45	44	102	121	99	76.75	46	107	2.287	1.193	4.32	1.56120556914591e-05	0.000777653403774822	0	0.1481	0.0388	0.0388	TRUE	0.1067
FBtr0088832	1854	612	751	2984	1109	1240	960	917	1058	1524	1523	1538	1253.2	978	1528	1.563	0.644	4.313	1.60744811554332e-05	0.000796673846738577	6e-04	0.0923	0.0152	0.0152	TRUE	0.0587
FBtr0273416	8	1	4	42	20	25	4	1	6	21	27	31	15.2	4	26	6.82	2.77	4.306	1.66118196307946e-05	0.000819198835907639	0	0.3891	0.1493	0.1493	TRUE	0.2514
FBtr0336667	58	23	6	340	58	104	30	34	8	174	80	129	75.87	24	128	5.209	2.381	4.292	1.7694745498082e-05	0.000863984178332276	0.2284	0.1488	0.1952	0.1952	TRUE	0.1953
FBtr0343571	4672	1554	1148	8297	2907	3706	2418	2328	1617	4237	3992	4598	3198.22	2121	4276	2.015	1.011	4.287	1.81335182070984e-05	0.00088322739543195	0.0234	0.0901	0.0397	0.0397	TRUE	0.5184
FBtr0086676	952	259	324	1559	533	680	493	388	456	796	732	844	618.12	446	791	1.769	0.823	4.279	1.87495309415499e-05	0.00090875483914007	0.007	0.096	0.0247	0.0247	TRUE	0.1423
FBtr0076545	545	271	246	1174	854	825	282	406	347	599	1173	1024	638.38	345	932	2.705	1.435	4.254	2.10117091724655e-05	0.00100122059972411	0.0735	0.0958	0.0799	0.0799	TRUE	0.4358
FBtr0305063	511	200	144	1295	430	366	264	300	203	661	591	454	412.12	256	569	2.226	1.155	4.25	2.13641015683043e-05	0.00101312975662642	0.0312	0.0997	0.0501	0.0501	TRUE	0.2532
FBtr0086675	343	114	133	673	215	337	178	171	187	344	295	418	265.44	179	352	1.974	0.981	4.242	2.21792731836034e-05	0.00104913230083768	0.013	0.1058	0.034	0.034	TRUE	0.187
FBtr0074418	378	146	170	702	365	437	196	219	239	358	501	542	342.61	218	467	2.145	1.101	4.237	2.26681558147372e-05	0.00106729233627721	0.0275	0.102	0.0449	0.0449	TRUE	0.5101
FBtr0290026	108	41	32	242	78	111	56	61	45	124	107	138	88.46	54	123	2.266	1.18	4.227	2.37097265820514e-05	0.00110319963096486	0	0.1403	0.0421	0.0421	TRUE	0.1339
FBtr0071246	149	35	38	544	103	130	77	52	54	278	141	161	127.26	61	193	3.152	1.656	4.222	2.42473663377177e-05	0.00112556729889288	0.0884	0.1245	0.0993	0.0993	TRUE	1.6284
FBtr0070600	905	310	279	1364	586	617	468	464	393	697	805	765	598.74	442	756	1.705	0.77	4.201	2.65891897507749e-05	0.00122850754047097	0.0053	0.0963	0.0222	0.0222	TRUE	0.1035
FBtr0080397	704	259	335	1318	570	706	364	388	472	673	783	876	592.64	408	777	1.906	0.931	4.2	2.66650395336414e-05	0.00122914022558918	0.0153	0.0963	0.0333	0.0333	TRUE	0.1751
FBtr0302863	112	35	56	1197	153	124	58	52	79	611	210	154	194.08	63	325	5.175	2.372	4.184	2.86268026403972e-05	0.00131040514401355	0.2822	0.1122	0.221	0.221	TRUE	1.7325
FBtr0113066	327	100	131	747	212	248	169	150	185	381	291	308	247.3	168	327	1.953	0.965	4.169	3.06199260793772e-05	0.00139840424531105	0.0128	0.1071	0.0338	0.0338	TRUE	0.2619
FBtr0100575	811	555	579	3419	1539	1297	420	831	816	1746	2113	1609	1255.85	689	1823	2.651	1.407	4.163	3.13661903830662e-05	0.00142501030591832	0.0766	0.0923	0.0812	0.0812	TRUE	1.4264
FBtr0084927	27	8	6	112	24	39	14	12	8	57	33	48	28.82	11	46	3.953	1.983	4.16	3.18135577393035e-05	0.00143961808763095	0	0.2471	0.1085	0.1085	TRUE	0.1573
FBtr0086774	1534	468	620	2406	1052	1263	794	701	873	1229	1445	1567	1101.41	789	1414	1.789	0.839	4.156	3.23443457597485e-05	0.00145696910569254	0.0118	0.0928	0.0283	0.0283	TRUE	0.1613
FBtr0301884	751	510	442	2290	1357	1599	389	764	623	1169	1864	1984	1131.97	592	1672	2.83	1.501	4.148	3.35835170234088e-05	0.00150445285535537	0.0932	0.0927	0.0931	0.0931	TRUE	1.0964
FBtr0100504	15	10	8	64	36	55	8	15	11	33	49	68	30.73	11	50	4.568	2.192	4.142	3.44816499872177e-05	0.00153575366778655	0.0986	0.2373	0.1427	0.1427	TRUE	0.0852
FBtr0301824	33	22	16	171	41	95	17	33	23	87	56	118	55.68	24	87	3.705	1.889	4.135	3.54719979146645e-05	0.0015763118174438	0.097	0.1707	0.1215	0.1215	TRUE	0.0748
FBtr0087617	150	130	129	786	413	390	78	195	182	401	567	484	317.74	152	484	3.223	1.688	4.126	3.69662336331309e-05	0.00163171265646242	0.122	0.103	0.1159	0.1159	TRUE	0.6793
FBtr0301851	1447	466	475	2104	1214	1344	749	698	669	1074	1667	1667	1087.48	705	1469	2.08	1.057	4.124	3.72625229909095e-05	0.00164112782214974	0.0319	0.0928	0.0462	0.0462	TRUE	0.6789
FBtr0342808	118	93	80	694	241	196	61	139	113	354	331	243	206.93	104	309	3.005	1.587	4.123	3.73950371843004e-05	0.00164330413404342	0.0947	0.1107	0.0997	0.0997	TRUE	1.548
FBtr0086568	70	24	30	154	66	78	36	36	42	79	91	97	63.41	38	89	2.323	1.216	4.121	3.7706382396743e-05	0.0016533119997685	0	0.1607	0.043	0.043	TRUE	0.1193
FBtr0304990	128	30	14	762	108	127	66	45	20	389	148	158	137.65	44	232	5.253	2.393	4.119	3.80694048242639e-05	0.00166553646106155	0.2954	0.1218	0.2284	0.2284	TRUE	3.9645
FBtr0087369	216	60	65	430	129	157	112	90	92	220	177	195	147.45	98	197	2.005	1.003	4.101	4.11471721111295e-05	0.0017883194032914	0.0094	0.1196	0.035	0.035	TRUE	0.1919
FBtr0337049	244	89	80	398	355	430	126	133	113	203	488	533	266.08	124	408	3.279	1.713	4.1	4.13280807615658e-05	0.00179224297600869	0.1266	0.1058	0.12	0.12	TRUE	1.6463
FBtr0100353	707	196	236	1024	463	517	366	294	332	523	636	641	465.34	331	600	1.805	0.852	4.093	4.25714813824421e-05	0.00183409813581218	0.011	0.0985	0.0287	0.0287	TRUE	0.1568
FBtr0080979	966	338	376	1492	565	631	500	506	530	762	776	783	642.74	512	774	1.512	0.596	4.072	4.65740633045944e-05	0.00199783536192701	0	0.0957	0.0137	0.0137	TRUE	0.0103
FBtr0086029	44136	16051	17308	65571	29782	34401	22842	24041	24382	33484	40899	42678	31387.54	23755	39020	1.643	0.716	4.069	4.72707489997091e-05	0.00202333130188149	0.0083	0.0888	0.0223	0.0223	TRUE	0.1888
FBtr0310621	31	23	13	122	53	73	16	34	18	62	73	91	49.08	23	75	3.374	1.754	4.066	4.78315944633674e-05	0.00204291529268486	0.0605	0.1817	0.103	0.103	TRUE	0.6518
FBtr0113384	15	5	5	42	32	45	8	7	7	21	44	56	23.92	7	40	5.32	2.411	4.04	5.33601150670013e-05	0.00225469289626058	0	0.2796	0.1737	0.1737	TRUE	0.1925
FBtr0302578	332	86	64	457	443	505	172	129	90	233	608	627	309.84	130	489	3.733	1.9	4.04	5.33439419574268e-05	0.00225469289626058	0.1803	0.1034	0.1541	0.1541	TRUE	2.5274
FBtr0087618	10531	3916	2626	19159	7935	7660	5450	5865	3699	9783	10897	9503	7533.03	5005	10061	2.01	1.007	4.034	5.48169539209305e-05	0.00230639417826894	0.0288	0.0892	0.0448	0.0448	TRUE	0.6324
FBtr0075966	766	321	371	1473	660	838	396	481	523	752	906	1040	683	467	899	1.93	0.949	4.028	5.62983533741801e-05	0.00234378934310403	0.022	0.0953	0.0382	0.0382	TRUE	0.1333
FBtr0081228	118	38	46	239	86	136	61	57	65	122	118	169	98.61	61	136	2.229	1.156	4.029	5.60320670695531e-05	0.00234378934310403	0.016	0.135	0.0467	0.0467	TRUE	0.4202
FBtr0087207	140	35	61	282	111	147	72	52	86	144	152	182	114.94	70	159	2.258	1.175	4.02	5.81170040157341e-05	0.0024093579757047	0.0159	0.1284	0.0505	0.0505	TRUE	0.3435
FBtr0085085	1024	374	437	1680	968	1085	530	560	616	858	1329	1346	873.17	569	1178	2.07	1.05	4.008	6.11273101852559e-05	0.00251831783106966	0.0336	0.0939	0.048	0.048	TRUE	0.6922
FBtr0084868	88	14	41	189	133	157	46	21	58	97	183	195	99.7	42	158	3.775	1.916	4.007	6.15617522584679e-05	0.00253094314118753	0.1561	0.1345	0.1482	0.1482	TRUE	1.3535
FBtr0079003	8571	3626	3141	21999	5958	6444	4436	5431	4425	11234	8182	7994	6950.27	4764	9137	1.919	0.94	4.004	6.23040358505245e-05	0.00255085364170626	0.0269	0.0893	0.0395	0.0395	TRUE	0.4937
FBtr0081544	277	73	127	535	225	257	143	109	179	273	309	319	222.1	144	300	2.083	1.058	3.998	6.39079199778114e-05	0.00259612679520463	0.0197	0.1092	0.0449	0.0449	TRUE	0.3855
FBtr0072557	4386	1355	1484	6711	2265	2512	2270	2030	2091	3427	3110	3116	2673.96	2130	3218	1.51	0.595	3.994	6.4877720276955e-05	0.00262901007884587	0.0027	0.0903	0.0156	0.0156	TRUE	0.0409
FBtr0339741	2	1	1	56	12	9	1	1	1	29	16	11	10.03	1	19	15.44	3.949	3.984	6.77767075493615e-05	0.00273375071665095	0	0.544	0.2875	0.2875	TRUE	0.2162
FBtr0091533	290	78	73	462	187	202	150	117	103	236	257	251	185.51	123	248	1.984	0.988	3.982	6.84497692058624e-05	0.0027512076952153	0.0135	0.1133	0.0379	0.0379	TRUE	0.4384
FBtr0077310	399	135	184	713	347	453	206	202	259	364	477	562	345.09	222	468	2.099	1.069	3.98	6.88204243396617e-05	0.00276049470855337	0.0311	0.1019	0.0484	0.0484	TRUE	0.1532
FBtr0472700	122	63	65	259	340	346	63	94	92	132	467	429	212.91	83	343	4.138	2.049	3.972	7.13498471901072e-05	0.00285039035996842	0.2222	0.1101	0.1834	0.1834	TRUE	2.3644
FBtr0308644	23	10	18	105	60	40	12	15	25	54	82	50	39.65	17	62	3.652	1.869	3.971	7.15831670949042e-05	0.0028539458252051	0.0749	0.2038	0.1194	0.1194	TRUE	0.7027
FBtr0304018	559	142	176	1128	300	407	289	213	248	576	412	505	373.81	250	498	1.986	0.99	3.967	7.2919195998742e-05	0.00290136237600628	0.0233	0.1009	0.0416	0.0416	TRUE	0.1489
FBtr0080382	13	6	4	62	31	18	7	9	6	32	43	22	19.65	7	32	4.564	2.19	3.956	7.62588121049049e-05	0.00301603601874899	0	0.3211	0.1319	0.1319	TRUE	0.0779
FBtr0075492	2397	751	910	3500	1401	1772	1241	1125	1282	1787	1924	2198	1592.81	1216	1970	1.619	0.695	3.934	8.36131880019216e-05	0.00327380038169995	0.0069	0.0915	0.0218	0.0218	TRUE	0.1242
FBtr0081620	70	31	20	179	82	62	36	46	28	91	113	77	65.29	37	94	2.539	1.344	3.931	8.45805824813361e-05	0.00329897636798505	0.0174	0.1586	0.0641	0.0641	TRUE	0.1634
FBtr0081635	4695	1100	1386	9433	2666	2869	2430	1648	1952	4817	3661	3559	3011.2	2010	4012	1.995	0.997	3.91	9.21822677422429e-05	0.00355341977505429	0.0338	0.0902	0.0464	0.0464	TRUE	0.4085
FBtr0082167	560	152	184	928	305	359	290	228	259	474	419	445	352.46	259	446	1.716	0.779	3.899	9.6706563003918e-05	0.00371334423961646	0.0061	0.1016	0.0255	0.0255	TRUE	0.1361
FBtr0342820	108	82	71	494	209	168	56	123	100	252	287	208	171.07	93	249	2.72	1.444	3.896	9.77205592347648e-05	0.00374500786602224	0.0799	0.1153	0.0908	0.0908	TRUE	0.7769
FBtr0083765	1017	380	461	2576	697	784	526	569	649	1315	957	973	831.69	581	1082	1.865	0.899	3.871	0.000108597597156993	0.00412984131496066	0.0213	0.0941	0.0374	0.0374	TRUE	0.4367
FBtr0300542	97	60	45	268	136	133	50	90	63	137	187	165	115.35	68	163	2.431	1.282	3.871	0.000108528376352973	0.00412984131496066	0.0427	0.1282	0.0676	0.0676	TRUE	0.4572
FBtr0073425	40	5	15	170	60	33	21	7	21	87	82	41	43.24	16	70	4.174	2.062	3.861	0.000112902695366423	0.00428531823583689	0.1476	0.1943	0.1659	0.1659	TRUE	1.0999
FBtr0306254	1557	262	376	2712	961	1089	806	392	530	1385	1320	1351	963.92	576	1352	2.34	1.227	3.857	0.000114874064779266	0.00435179048086205	0.0652	0.0934	0.0715	0.0715	TRUE	1.4606
FBtr0303819	7	5	2	70	16	16	4	7	3	36	22	20	15.25	5	26	5.944	2.571	3.848	0.000119298515212822	0.00449357740634963	0.0769	0.3882	0.187	0.187	TRUE	0.9764
FBtr0089512	409	100	114	840	258	243	212	150	161	429	354	301	267.79	174	361	2.068	1.048	3.845	0.000120509568041227	0.00452196718788476	0.0301	0.1057	0.0489	0.0489	TRUE	0.2345
FBtr0078289	566	183	189	828	378	364	293	274	266	423	519	452	371.13	278	465	1.665	0.735	3.841	0.000122451306170282	0.00456881996135344	0.0053	0.1009	0.0233	0.0233	TRUE	0.119
FBtr0081258	2348	726	862	3228	1401	1549	1215	1087	1214	1648	1924	1922	1501.81	1172	1831	1.56	0.642	3.828	0.000129292205495131	0.00478792764731502	0.0054	0.0917	0.0195	0.0195	TRUE	0.0944
FBtr0113379	5	2	2	77	14	10	3	3	3	39	19	12	13.23	3	23	8.771	3.133	3.825	0.000130644498211875	0.00482896252736418	0	0.434	0.2775	0.2775	TRUE	0.3462
FBtr0080846	556	177	169	1083	294	389	288	265	238	553	404	483	371.72	264	480	1.82	0.864	3.82	0.000133379608792422	0.00492086149975775	0.0151	0.1009	0.0336	0.0336	TRUE	0.1269
FBtr0088266	534	102	101	1309	322	353	276	153	142	668	442	438	353.33	190	516	2.695	1.43	3.819	0.000133914200517002	0.00493138419967172	0.0951	0.1016	0.0971	0.0971	TRUE	1.8172
FBtr0100508	13	9	5	56	28	28	7	13	7	29	38	35	21.51	9	34	3.885	1.958	3.807	0.000140467482158535	0.00516309379123613	0	0.301	0.1158	0.1158	TRUE	0.3742
FBtr0080358	198	59	69	384	113	153	102	88	97	196	155	190	138.19	96	180	1.876	0.907	3.801	0.000144347977166496	0.00528607638605087	0	0.1217	0.0326	0.0326	TRUE	0.1463
FBtr0078509	2321	844	818	3501	1340	1349	1201	1264	1152	1788	1840	1674	1486.53	1206	1767	1.466	0.552	3.797	0.000146173485561896	0.00534303267465158	0.0012	0.0917	0.0144	0.0144	TRUE	0.0255
FBtr0082057	27	16	9	76	52	51	14	24	13	39	71	63	37.35	17	58	3.462	1.792	3.793	0.000148747211828643	0.00541708308270978	0.0754	0.2109	0.1194	0.1194	TRUE	0.561
FBtr0346541	16	2	2	86	24	16	8	3	3	44	33	20	18.47	5	32	6.216	2.636	3.791	0.000149813686362566	0.00544589273496277	0.1659	0.3359	0.2328	0.2328	TRUE	0.2998
FBtr0114584	40	21	19	185	64	40	21	31	27	94	88	50	51.82	26	77	3.017	1.593	3.79	0.000150841475447169	0.00547319298526196	0.0657	0.1768	0.0998	0.0998	TRUE	0.8366
FBtr0345070	335	70	59	817	234	206	173	105	83	417	321	256	225.91	120	331	2.728	1.448	3.786	0.000152919999867925	0.00552832357840626	0.0981	0.1089	0.0992	0.0992	TRUE	0.4307
FBtr0072670	319	135	182	1052	291	305	165	202	256	537	400	378	323.15	208	438	2.124	1.087	3.772	0.000162258415165101	0.00583392756343614	0.0384	0.1028	0.0559	0.0559	TRUE	0.4703
FBtr0075707	24	16	11	66	68	82	12	24	15	34	93	102	46.78	17	76	4.47	2.16	3.763	0.000167813316454536	0.0059944561096948	0.2042	0.1863	0.1983	0.1983	TRUE	2.446
FBtr0112808	267	231	207	1255	657	527	138	346	292	641	902	654	495.45	259	732	2.845	1.508	3.763	0.000167704796123471	0.0059944561096948	0.1199	0.0979	0.1128	0.1128	TRUE	1.9947
FBtr0073424	42	19	12	103	78	49	22	28	17	53	107	61	47.93	22	74	3.269	1.709	3.756	0.000172892879394815	0.00613816281872976	0.0871	0.1839	0.1178	0.1178	TRUE	1.3189
FBtr0087232	1805	667	760	2758	1172	1357	934	999	1071	1408	1609	1684	1284.19	1001	1567	1.565	0.647	3.75	0.00017688221951692	0.00625732717521842	0.0062	0.0922	0.0205	0.0205	TRUE	0.0972
FBtr0086697	520	163	247	952	369	486	269	244	348	486	507	603	409.5	287	532	1.854	0.89	3.73	0.00019168033704368	0.00674462395914371	0.0189	0.0998	0.0381	0.0381	TRUE	0.3637
FBtr0077088	495	164	199	835	288	328	256	246	280	426	396	407	335.16	261	410	1.574	0.655	3.728	0.000192648747949077	0.00676665895327353	0	0.1023	0.0188	0.0188	TRUE	0.0433
FBtr0086474	76	18	17	177	47	68	39	27	24	90	65	84	54.92	30	80	2.589	1.373	3.713	0.000204502252149189	0.00713233163359826	0.0313	0.1718	0.0747	0.0747	TRUE	0.7083
FBtr0078271	261	95	76	485	151	206	135	142	107	248	207	256	182.5	128	237	1.847	0.885	3.713	0.000205030035747581	0.00713814957202186	0.0075	0.1137	0.0345	0.0345	TRUE	0.184
FBtr0083035	4641	1623	1721	6395	2850	3333	2402	2431	2424	3266	3914	4135	3095.25	2419	3772	1.558	0.64	3.706	0.000210950093280617	0.00731848788530562	0.0067	0.0901	0.0211	0.0211	TRUE	0.1694
FBtr0071009	5	1	1	26	14	14	3	1	1	13	19	17	9.23	2	16	8.119	3.021	3.703	0.000213469179991592	0.00738168479226689	0	0.5836	0.2055	0.2055	TRUE	0.2668
FBtr0301413	838	420	413	1753	738	883	434	629	582	895	1013	1095	774.78	548	1001	1.831	0.873	3.702	0.000213518265546228	0.00738168479226689	0.0224	0.0945	0.0385	0.0385	TRUE	0.4132
FBtr0084465	249	47	66	590	167	153	129	70	93	301	229	190	168.78	97	240	2.444	1.289	3.691	0.000222982766916764	0.00765535454128301	0.0651	0.1157	0.0801	0.0801	TRUE	0.3671
FBtr0076427	1783	483	522	3247	971	1009	923	723	735	1658	1333	1252	1104.14	794	1414	1.78	0.832	3.69	0.000223994865493109	0.00767677376971617	0.0192	0.0928	0.0356	0.0356	TRUE	0.2781
FBtr0089513	1359	402	322	2464	778	820	703	602	454	1258	1068	1017	850.5	586	1114	1.898	0.925	3.683	0.000230890753900668	0.00787218044549259	0.0275	0.094	0.044	0.044	TRUE	0.451
FBtr0089033	576	230	262	1026	402	430	298	344	369	524	552	533	436.85	337	536	1.597	0.675	3.669	0.000243369268505895	0.0082691190458833	0.0043	0.0991	0.0218	0.0218	TRUE	0.1322
FBtr0075554	334	35	128	683	367	462	173	52	180	349	504	573	305.25	135	475	3.498	1.807	3.656	0.000255894519024567	0.00859136521852431	0.21	0.1036	0.1707	0.1707	TRUE	1.2195
FBtr0083122	707	270	221	1080	678	590	366	404	311	551	931	732	549.36	360	738	2.044	1.031	3.653	0.000259215577819572	0.00867341463854827	0.0409	0.097	0.0552	0.0552	TRUE	0.1164
FBtr0071393	30	8	16	81	38	39	16	12	23	41	52	48	32	17	47	2.834	1.503	3.651	0.000261530354798447	0.00873608575361367	0	0.2314	0.0797	0.0797	TRUE	0.2986
FBtr0083555	20	11	8	66	26	44	10	16	11	34	36	55	27.02	12	42	3.325	1.733	3.646	0.000266501968553626	0.00886104924648241	0	0.2577	0.1079	0.1079	TRUE	0.5397
FBtr0114614	187	44	112	1053	187	206	97	66	158	538	257	256	228.42	107	350	3.289	1.718	3.643	0.000268967923052532	0.00889438240529066	0.1771	0.1086	0.1534	0.1534	TRUE	2.6125
FBtr0331664	29	29	32	194	81	104	15	43	45	99	111	129	73.81	34	113	3.375	1.755	3.637	0.000276365102472435	0.0090632170835695	0.1448	0.1505	0.1467	0.1467	TRUE	2.4624
FBtr0339418	144	95	39	469	175	201	75	142	55	239	240	249	166.82	91	243	2.701	1.434	3.637	0.000275934069481659	0.0090632170835695	0.097	0.116	0.1036	0.1036	TRUE	2.0872
FBtr0071762	1290	482	585	2082	926	1005	668	722	824	1063	1272	1247	965.88	738	1194	1.619	0.695	3.633	0.000279994064170633	0.00915187209747812	0.0096	0.0934	0.0252	0.0252	TRUE	0.1221
FBtr0310266	415	155	255	961	419	669	215	232	359	491	575	830	450.38	269	632	2.356	1.236	3.63	0.000282951378581561	0.00921806179810605	0.0732	0.0988	0.0806	0.0806	TRUE	0.5636
FBtr0344967	34	13	12	102	35	32	18	19	17	52	48	40	32.3	18	47	2.621	1.39	3.63	0.000283643595263667	0.00922541463213654	0	0.23	0.0658	0.0658	TRUE	0.1207
FBtr0076808	1109	486	609	2226	1041	1204	574	728	858	1137	1430	1494	1036.62	720	1354	1.882	0.912	3.629	0.000284586155951982	0.00922572333434499	0.0278	0.093	0.0444	0.0444	TRUE	0.3876
FBtr0273275	147	36	44	366	78	129	76	54	62	187	107	160	107.67	64	151	2.353	1.235	3.629	0.000284224587852552	0.00922572333434499	0.0478	0.1311	0.0715	0.0715	TRUE	0.2459
FBtr0085236	105	23	43	188	93	101	54	34	61	96	128	125	83.06	50	116	2.304	1.204	3.626	0.000287347326403292	0.00929998916468919	0.0276	0.1436	0.0641	0.0641	TRUE	0.445
FBtr0345005	330	146	147	586	302	342	171	219	207	299	415	424	289.13	199	379	1.911	0.934	3.625	0.000289068423315023	0.00932737828788872	0.0252	0.1044	0.0437	0.0437	TRUE	0.4202
FBtr0082287	412	131	139	594	256	262	213	196	196	303	352	325	264.19	202	327	1.609	0.686	3.617	0.000298579206506387	0.00961629284798666	0	0.1059	0.0217	0.0217	TRUE	0.049
FBtr0342819	100	74	66	420	185	141	52	111	93	214	254	175	149.84	85	214	2.554	1.353	3.609	0.000307223306384751	0.00987860306302188	0.0803	0.1191	0.0922	0.0922	TRUE	0.45
FBtr0304005	290	48	51	840	196	171	150	72	72	429	269	212	200.68	98	303	3.071	1.618	3.601	0.00031676810854681	0.010136066903743	0.1516	0.1114	0.1382	0.1382	TRUE	0.657
FBtr0330306	24	3	3	83	29	21	12	4	4	42	40	26	21.57	7	36	4.671	2.224	3.596	0.000323559145425298	0.0103366431353558	0.1207	0.3004	0.1934	0.1934	TRUE	2.136
FBtr0334654	13	7	18	83	102	44	7	10	25	42	140	55	46.6	14	79	5.707	2.513	3.594	0.000325977493515041	0.0103971047326773	0.3762	0.1866	0.3057	0.3057	TRUE	1.6484
FBtr0273224	145	124	125	690	316	308	75	186	176	352	434	382	267.54	146	389	2.698	1.432	3.588	0.000332678620154977	0.0105428200537895	0.1112	0.1057	0.1095	0.1095	TRUE	2.1352
FBtr0075199	996	307	293	3200	648	640	515	460	413	1634	890	794	784.33	463	1106	2.391	1.258	3.588	0.000333303597057086	0.0105457258108862	0.0837	0.0945	0.0869	0.0869	TRUE	2.1193
FBtr0083913	262	90	91	469	157	167	136	135	128	239	216	207	176.81	133	221	1.665	0.736	3.586	0.000336043557250957	0.0105816263449644	0	0.1145	0.0239	0.0239	TRUE	0.0691
FBtr0110876	130	22	18	471	91	86	67	33	25	241	125	107	99.63	42	158	3.697	1.886	3.586	0.000335945008200848	0.0105816263449644	0.2096	0.1345	0.1831	0.1831	TRUE	2.0099
FBtr0088816	100	33	43	181	83	109	52	49	61	92	114	135	83.9	54	114	2.103	1.072	3.578	0.000346448878699461	0.0108746453591775	0.0185	0.1431	0.0501	0.0501	TRUE	0.1192
FBtr0071911	3399	1095	989	4838	1764	1968	1759	1640	1393	2471	2422	2442	2021.14	1597	2445	1.529	0.613	3.576	0.000348988901274625	0.0109370135066652	0.0061	0.0909	0.0206	0.0206	TRUE	0.1493
FBtr0070239	756	161	205	1083	467	467	391	241	289	553	641	579	449.15	307	591	1.913	0.936	3.566	0.000362201601968707	0.0113152238213763	0.0304	0.0988	0.0469	0.0469	TRUE	0.6953
FBtr0085899	1158	172	320	2080	787	782	599	258	451	1062	1081	970	736.8	436	1038	2.373	1.247	3.561	0.000368891255924465	0.0114879127337107	0.0829	0.0948	0.0865	0.0865	TRUE	0.7316
FBtr0079864	3246	1114	1224	4908	1624	1985	1680	1669	1724	2506	2230	2463	2045.29	1691	2400	1.42	0.506	3.557	0.000374532907034671	0.0116452645229727	0.0017	0.0909	0.014	0.014	TRUE	0.0457
FBtr0340190	559	225	443	1641	761	1045	289	337	624	838	1045	1296	738.3	417	1060	2.547	1.349	3.552	0.000382478334727955	0.0118736406110601	0.1054	0.0948	0.102	0.102	TRUE	0.5702
FBtr0302548	237	87	49	643	144	209	123	130	69	328	198	259	184.56	107	262	2.438	1.286	3.551	0.000383137326380581	0.0118754555316238	0.0754	0.1134	0.0873	0.0873	TRUE	0.1957
FBtr0113246	69	19	34	618	44	109	36	28	48	316	60	135	103.88	37	170	4.589	2.198	3.543	0.000394877472519589	0.0121820624322541	0.3316	0.1326	0.2592	0.2592	TRUE	0.2591
FBtr0073135	53	21	25	198	42	59	27	31	35	101	58	73	54.35	31	77	2.525	1.336	3.539	0.000401589963024354	0.0123698466025025	0.0424	0.1727	0.0788	0.0788	TRUE	0.2403
FBtr0080942	37	9	10	106	39	27	19	13	14	54	54	33	31.32	15	47	2.951	1.561	3.536	0.000406677887948557	0.0125070843455408	0	0.2345	0.0968	0.0968	TRUE	0.448
FBtr0080165	2550	807	952	3770	1312	1449	1320	1209	1341	1925	1802	1798	1565.67	1290	1842	1.428	0.514	3.535	0.000408176856075048	0.0125336915044784	0.0013	0.0916	0.0145	0.0145	TRUE	0.0352
FBtr0078078	678	256	259	1169	507	417	351	383	365	597	696	517	484.95	366	603	1.648	0.721	3.524	0.000425538575468047	0.0130263549998152	0.0099	0.0981	0.0278	0.0278	TRUE	0.1558
FBtr0088137	2481	1322	1426	5964	2436	2706	1284	1980	2009	3045	3345	3357	2503.46	1758	3249	1.85	0.888	3.523	0.000426706708987749	0.0130419245289532	0.0281	0.0905	0.0453	0.0453	TRUE	0.6825
FBtr0085857	396	130	133	639	207	262	205	195	187	326	284	325	253.77	196	312	1.593	0.671	3.517	0.000437235547004195	0.0133431063919876	0	0.1066	0.0218	0.0218	TRUE	0.0632
FBtr0078971	367	154	126	583	295	311	190	231	177	298	405	386	281.12	199	363	1.818	0.862	3.514	0.000441033846297638	0.0134176066315935	0.0192	0.1049	0.0392	0.0392	TRUE	0.3042
FBtr0332038	104	45	69	278	130	125	54	67	97	142	179	155	115.66	73	159	2.202	1.139	3.514	0.000440601252548311	0.0134176066315935	0.0382	0.1281	0.0647	0.0647	TRUE	0.712
FBtr0085786	602	256	238	1384	375	457	312	383	335	707	515	567	469.82	343	596	1.744	0.803	3.514	0.000442056099035155	0.0134261024708507	0.0177	0.0984	0.0351	0.0351	TRUE	0.3212
FBtr0332709	31	10	6	77	26	36	16	15	8	39	36	45	26.53	13	40	2.941	1.556	3.513	0.000442670989177987	0.0134261024708507	0	0.2608	0.0902	0.0902	TRUE	0.2902
FBtr0083552	328	108	89	466	315	266	170	162	125	238	433	330	242.91	152	334	2.176	1.122	3.505	0.000457332517078671	0.0137862050689493	0.054	0.1074	0.0686	0.0686	TRUE	0.1132
FBtr0343016	81	54	70	605	142	122	42	81	99	309	195	151	146.12	74	218	3.006	1.588	3.5	0.000465043476935184	0.0139760406632117	0.1473	0.1199	0.1382	0.1382	TRUE	0.4164
FBtr0330734	2700	1091	1306	5140	1759	2106	1397	1634	1840	2625	2416	2613	2087.37	1624	2551	1.573	0.653	3.494	0.000475676482366366	0.0142522764224165	0.0096	0.0908	0.0247	0.0247	TRUE	0.1841
FBtr0082335	490	180	211	773	324	369	254	270	297	395	445	458	352.98	274	433	1.583	0.663	3.492	0.000479694306305183	0.0143509151394629	0.0046	0.1016	0.0227	0.0227	TRUE	0.0733
FBtr0086053	63	26	35	368	96	51	33	39	49	188	132	63	83.98	40	128	3.214	1.684	3.491	0.00048135960193278	0.0143789820667987	0.1531	0.143	0.1498	0.1498	TRUE	0.1042
FBtr0077903	632	207	259	944	380	445	327	310	365	482	522	552	426.32	334	519	1.551	0.634	3.489	0.0004843971639382	0.0144186464342273	0.0031	0.0994	0.0211	0.0211	TRUE	0.0684
FBtr0079423	4553	1570	1714	6350	2295	2819	2356	2352	2415	3243	3152	3497	2835.65	2374	3297	1.389	0.474	3.489	0.000483985864092279	0.0144186464342273	0.001	0.0903	0.0129	0.0129	TRUE	0.0339
FBtr0088073	1978	756	769	2835	1257	1414	1024	1132	1083	1448	1726	1754	1361.23	1080	1643	1.521	0.605	3.489	0.000484874835841273	0.0144186464342273	0.0066	0.092	0.0208	0.0208	TRUE	0.1334
FBtr0077721	831	263	263	1150	478	474	430	394	370	587	656	588	504.37	398	610	1.528	0.611	3.485	0.000491251433647709	0.0145309035547719	0.0032	0.0977	0.0199	0.0199	TRUE	0.0623
FBtr0334862	88	31	23	224	52	82	46	46	32	114	71	102	68.65	41	96	2.313	1.21	3.483	0.000495367679136814	0.014595456132605	0.0317	0.1552	0.0686	0.0686	TRUE	0.3382
FBtr0308823	42	7	9	91	35	36	22	10	13	46	48	45	30.68	15	46	2.926	1.549	3.47	0.000520017847784595	0.0151895907532354	0.0196	0.2375	0.0992	0.0992	TRUE	1.1818
FBtr0273423	52	14	16	203	32	52	27	21	23	104	44	65	47.09	24	71	3.016	1.592	3.449	0.000563305743789146	0.016262223413484	0.0965	0.1856	0.1236	0.1236	TRUE	0.2225
FBtr0337016	30	8	8	113	48	19	16	12	11	58	66	24	30.99	13	49	3.732	1.9	3.449	0.000563318484866577	0.016262223413484	0.1331	0.236	0.1675	0.1675	TRUE	0.7143
FBtr0114627	668	232	244	935	441	444	346	347	344	477	606	551	445.14	346	545	1.572	0.652	3.445	0.000570672260153446	0.016426555960021	0.0065	0.0989	0.0233	0.0233	TRUE	0.1453
FBtr0330170	17	9	10	42	48	56	9	13	14	21	66	69	32.2	12	52	4.366	2.126	3.443	0.000574626468636031	0.0165163349088336	0.213	0.2305	0.219	0.219	TRUE	2.8016
FBtr0089582	923	692	452	2287	1964	1806	478	1036	637	1168	2697	2241	1376.07	717	2035	2.841	1.506	3.441	0.000579722486615601	0.0166386243437206	0.1536	0.092	0.137	0.137	TRUE	0.3296
FBtr0089485	1199	346	278	2634	715	674	621	518	392	1345	982	836	782.25	510	1054	2.065	1.046	3.438	0.000585356926577286	0.0167465824993023	0.054	0.0945	0.0651	0.0651	TRUE	0.4095
FBtr0310668	97	27	32	150	88	85	50	40	45	77	121	105	73.1	45	101	2.189	1.13	3.438	0.000586024530443346	0.0167465824993023	0.0289	0.1511	0.0608	0.0608	TRUE	0.2919
FBtr0086994	110	29	25	405	93	62	57	43	35	207	128	77	91.17	45	137	3.021	1.595	3.426	0.000611434811528091	0.0172730334256686	0.1411	0.1387	0.1402	0.1402	TRUE	0.1569
FBtr0073321	20	7	8	42	49	35	10	10	11	21	67	43	27.38	10	44	4.063	2.022	3.42	0.000625172034379747	0.0176107934186033	0.1611	0.2555	0.1898	0.1898	TRUE	0.0834
FBtr0331425	71	43	31	163	100	112	37	64	44	83	137	139	84.06	48	120	2.504	1.324	3.418	0.000630586199957758	0.0177128438979612	0.0705	0.143	0.0922	0.0922	TRUE	0.8371
FBtr0077958	2708	990	1170	4023	1812	2197	1401	1483	1648	2054	2488	2726	1966.8	1511	2423	1.604	0.681	3.408	0.000654038626511956	0.0182420505490464	0.0125	0.091	0.0282	0.0282	TRUE	0.2177
FBtr0331308	25	13	13	124	25	37	13	19	18	63	34	46	32.38	17	48	2.956	1.564	3.408	0.000653411199399352	0.0182420505490464	0.0567	0.2297	0.1087	0.1087	TRUE	0.1714
FBtr0079799	520	165	177	964	302	294	269	247	249	492	415	365	339.55	255	424	1.663	0.734	3.405	0.000661383034743123	0.0184209148056975	0.0116	0.1021	0.03	0.03	TRUE	0.2376
FBtr0304989	80	20	22	267	55	55	41	30	31	136	76	68	63.74	34	93	2.727	1.447	3.404	0.000663331215082746	0.018427483456821	0.0873	0.1603	0.1089	0.1089	TRUE	1.7951
FBtr0082992	22	15	9	68	40	39	11	22	13	35	55	48	30.76	15	46	3.04	1.604	3.399	0.000675651389510827	0.0186867219966106	0.0527	0.2371	0.1138	0.1138	TRUE	0.4471
FBtr0302569	69	46	40	212	90	100	36	69	56	108	124	124	86.14	54	119	2.259	1.175	3.4	0.000674803184420256	0.0186867219966106	0.0417	0.1417	0.0713	0.0713	TRUE	0.9981
FBtr0077136	271	74	78	589	152	164	140	111	110	301	209	203	178.99	120	238	1.971	0.979	3.391	0.000697471671076191	0.0192632713624744	0.0329	0.1142	0.0534	0.0534	TRUE	0.6457
FBtr0302905	66	23	16	238	55	46	34	34	23	122	76	57	57.55	30	85	2.796	1.483	3.386	0.00070870864928489	0.019519099637338	0.0903	0.168	0.1143	0.1143	TRUE	0.3678
FBtr0088659	801	293	269	1315	462	460	415	439	379	671	634	571	518.16	411	625	1.525	0.608	3.386	0.000709909690668685	0.0195249848859155	0.0039	0.0975	0.0211	0.0211	TRUE	0.0685
FBtr0087869	2	1	1	16	10	15	1	1	1	8	14	19	7.41	1	14	10.657	3.414	3.385	0.00071182757128301	0.0195505419751688	0	0.7051	0.3003	0.3003	TRUE	0.0868
FBtr0303046	708	302	368	1895	817	514	366	452	518	968	1122	638	677.41	445	909	2.044	1.031	3.384	0.000713739305082761	0.0195758595811534	0.0538	0.0954	0.065	0.065	TRUE	0.3142
FBtr0310669	111	32	36	172	82	88	57	48	51	88	113	109	77.62	52	103	1.947	0.962	3.381	0.00072193613140575	0.0197386193146525	0	0.1475	0.0431	0.0431	TRUE	0.2067
FBtr0085137	609	88	180	1215	496	361	315	132	254	620	681	448	408.33	234	583	2.486	1.314	3.38	0.000724704024140679	0.0197669270032854	0.1084	0.0998	0.1056	0.1056	TRUE	1.3897
FBtr0335488	1079	462	371	2390	736	701	558	692	523	1220	1011	870	812.31	591	1034	1.752	0.809	3.378	0.000729057938406506	0.0198582930192681	0.024	0.0943	0.0399	0.0399	TRUE	0.2038
FBtr0332710	35	13	7	110	22	70	18	19	10	56	30	87	36.78	16	58	3.617	1.855	3.376	0.000736418402708785	0.0199786785807196	0.1538	0.2128	0.1747	0.1747	TRUE	0.0901
FBtr0345460	274	102	54	551	184	212	142	153	76	281	253	263	194.62	124	266	2.144	1.1	3.376	0.000736508555516792	0.0199786785807196	0.049	0.1121	0.0701	0.0701	TRUE	1.0313
FBtr0310643	129	32	36	285	71	90	67	48	51	146	98	112	86.68	55	119	2.128	1.09	3.371	0.000749735005502412	0.0202818190612999	0.0316	0.1413	0.0612	0.0612	TRUE	0.4441
FBtr0087868	3	1	1	63	7	7	2	1	1	32	10	9	9.15	1	17	11.548	3.53	3.369	0.000753400883301583	0.0203253785365468	0	0.5876	0.4251	0.4251	TRUE	4.5154
FBtr0089263	298	62	65	555	160	181	154	93	92	283	220	225	177.72	113	243	2.126	1.088	3.368	0.000758128824857427	0.020397275525926	0.0513	0.1143	0.0683	0.0683	TRUE	1.1799
FBtr0332720	39	13	19	86	39	59	20	19	27	44	54	73	39.51	22	57	2.568	1.36	3.366	0.000762283399827189	0.020457289965078	0.0353	0.2042	0.0843	0.0843	TRUE	0.2635
FBtr0080839	1372	257	322	2714	682	836	710	385	454	1386	937	1037	818.03	516	1120	2.165	1.114	3.364	0.000768300828246096	0.0205869225996837	0.0751	0.0942	0.0775	0.0775	TRUE	1.3017
FBtr0307015	11212	2489	2482	14909	6529	6562	5803	3728	3496	7613	8966	8141	6291.2	4342	8240	1.897	0.923	3.362	0.000774346555696729	0.0207208432190837	0.0459	0.0894	0.0542	0.0542	TRUE	1.0589
FBtr0082528	21	6	6	90	20	20	11	9	8	46	27	25	21.09	9	33	3.464	1.792	3.36	0.000779400815852556	0.0208279069371409	0	0.3052	0.1354	0.1354	TRUE	1.1696
FBtr0079789	3724	1468	1719	6720	2377	2504	1927	2199	2422	3432	3264	3106	2724.98	2183	3267	1.498	0.583	3.355	0.000794069899622005	0.0211627119474733	0.0071	0.0903	0.0214	0.0214	TRUE	0.1294
FBtr0332409	180	55	69	298	118	119	93	82	97	152	162	148	122.43	91	154	1.687	0.754	3.349	0.000809867507292947	0.0215257123074167	0	0.1259	0.0273	0.0273	TRUE	0.05
FBtr0083160	327	143	154	772	288	231	169	214	217	394	396	287	279.44	200	359	1.804	0.851	3.345	0.000823338707775883	0.0218250977832012	0.0229	0.105	0.0424	0.0424	TRUE	0.344
FBtr0333777	195	76	70	699	126	159	101	114	99	357	173	197	173.43	105	242	2.337	1.224	3.335	0.00085295832959756	0.0225335239187833	0.0778	0.115	0.0897	0.0897	TRUE	2.0117
FBtr0345447	35	3	39	714	74	73	18	4	55	365	102	91	105.72	26	186	7.234	2.855	3.335	0.000853482144888428	0.0225335239187833	0.7825	0.1318	0.5034	0.5034	TRUE	8.1631
FBtr0073292	13	1	3	37	14	25	7	1	4	19	19	31	13.6	4	23	4.969	2.313	3.326	0.000880947049933232	0.0232276372165729	0.0679	0.4245	0.2141	0.2141	TRUE	1.0217
FBtr0087382	2404	837	830	3146	1273	1456	1244	1254	1169	1606	1748	1806	1471.34	1222	1720	1.406	0.492	3.325	0.000883453548265007	0.0232627082782164	0.0021	0.0917	0.015	0.015	TRUE	0.0417
FBtr0071703	7603	2572	3090	10521	4212	4924	3935	3852	4353	5373	5784	6109	4900.92	4047	5755	1.422	0.508	3.322	0.000892876818341398	0.0234795732482728	0.0039	0.0896	0.0166	0.0166	TRUE	0.053
FBtr0074872	38	17	23	152	35	51	20	25	32	78	48	63	44.41	26	63	2.522	1.335	3.322	0.000895296406023376	0.0235119341688078	0.0418	0.1915	0.0871	0.0871	TRUE	0.1297
FBtr0078069	47	42	52	332	98	119	24	63	73	170	135	148	102.04	53	151	2.879	1.526	3.317	0.000909621382159159	0.023824851433374	0.1412	0.1334	0.1384	0.1384	TRUE	2.5142
FBtr0075679	388	132	106	670	208	247	201	198	149	342	286	306	247.01	183	311	1.703	0.768	3.315	0.000915786343195039	0.0239006135584812	0.0112	0.1071	0.034	0.034	TRUE	0.2503
FBtr0303750	485	164	155	2224	314	350	251	246	218	1136	431	434	452.68	238	667	2.803	1.487	3.316	0.000914666485336829	0.0239006135584812	0.1633	0.0987	0.1418	0.1418	TRUE	4.5483
FBtr0334008	19	7	9	81	28	18	10	10	13	41	38	22	22.52	11	34	3.173	1.666	3.315	0.00091613982691928	0.0239006135584812	0	0.2914	0.1188	0.1188	TRUE	0.5556
FBtr0071562	180	47	59	312	99	119	93	70	83	159	136	148	114.93	82	148	1.782	0.833	3.314	0.000919708023277543	0.0239620898027845	0	0.1284	0.0356	0.0356	TRUE	0.162
FBtr0079616	1387	492	521	1869	915	1020	718	737	734	954	1257	1265	944.17	730	1159	1.586	0.666	3.313	0.000923974248509665	0.024000672654284	0.0124	0.0935	0.0279	0.0279	TRUE	0.294
FBtr0085602	275	151	128	572	257	329	142	226	180	292	353	408	267	183	351	1.928	0.947	3.311	0.000930494155300667	0.0240529698314649	0.0365	0.1057	0.0544	0.0544	TRUE	0.2291
FBtr0100507	18	8	8	33	61	45	9	12	11	17	84	56	31.5	11	52	4.8	2.263	3.311	0.00092946965621011	0.0240529698314649	0.2963	0.2336	0.2758	0.2758	TRUE	0.115
FBtr0079937	9359	3196	3453	12065	4968	5712	4844	4787	4864	6161	6822	7086	5760.75	4832	6690	1.384	0.469	3.309	0.000935818861780599	0.024159031320772	0.0023	0.0894	0.0143	0.0143	TRUE	0.0589
FBtr0308621	728	258	272	2046	404	556	377	386	383	1045	555	690	572.62	382	763	2.002	1.001	3.309	0.000937481192023236	0.0241703918803905	0.0509	0.0966	0.0638	0.0638	TRUE	0.4578
FBtr0078919	53	18	18	354	54	36	27	27	25	181	74	45	63.22	26	100	3.786	1.921	3.307	0.000944479311887239	0.0243191124903257	0.2458	0.1609	0.2172	0.2172	TRUE	0.5713
FBtr0332604	90	43	35	190	76	80	47	64	49	97	104	99	76.82	53	100	1.899	0.925	3.305	0.000949738608038152	0.0244227320857665	0	0.1481	0.0412	0.0412	TRUE	0.2156
FBtr0083950	172	50	61	256	115	124	89	75	86	131	158	154	115.39	83	148	1.75	0.808	3.305	0.000951299085154764	0.0244310901414746	0	0.1282	0.0331	0.0331	TRUE	0.1231
FBtr0087448	125	25	50	237	83	104	65	37	70	121	114	129	89.43	57	121	2.088	1.062	3.296	0.000980050631683147	0.025071799794999	0.0163	0.1397	0.0612	0.0612	TRUE	0.6147
FBtr0076500	191	123	102	709	265	183	99	184	144	362	364	227	229.96	142	318	2.253	1.172	3.294	0.000987897750727346	0.0252398940835055	0.0759	0.1085	0.0856	0.0856	TRUE	0.5914
FBtr0083948	866	276	349	1198	593	717	448	413	492	612	814	890	611.47	451	772	1.708	0.772	3.288	0.00100815646987505	0.025691100762602	0.0214	0.0961	0.0378	0.0378	TRUE	0.4056
FBtr0082542	1902	640	635	2513	947	1111	984	959	895	1283	1300	1378	1133.25	946	1320	1.395	0.48	3.284	0.001022149932604	0.02598073896818	0.0011	0.0927	0.0144	0.0144	TRUE	0.0263
FBtr0339672	71	25	24	136	47	72	37	37	34	69	65	89	55.22	36	74	2.058	1.042	3.284	0.00102447501355598	0.0260064100039402	0	0.1714	0.0509	0.0509	TRUE	0.2485
FBtr0075453	2845	873	1098	4368	1448	1657	1472	1308	1547	2230	1989	2056	1766.9	1442	2092	1.45	0.536	3.283	0.0010281272043871	0.0260322861290076	0.0046	0.0912	0.0186	0.0186	TRUE	0.0781
FBtr0339974	143	26	32	397	108	73	74	39	45	203	148	91	99.94	53	147	2.762	1.466	3.283	0.00102731552565192	0.0260322861290076	0.1273	0.1343	0.1297	0.1297	TRUE	0.1063
FBtr0075558	1307	359	366	4941	776	801	676	538	516	2523	1066	994	1052.03	577	1528	2.65	1.406	3.282	0.00102996280763027	0.0260454149883487	0.1496	0.093	0.1309	0.1309	TRUE	3.9535
FBtr0332708	6	15	6	179	48	24	3	22	8	91	66	30	36.85	11	62	5.815	2.54	3.282	0.0010321222594492	0.0260666892472643	0.476	0.2126	0.3723	0.3723	TRUE	0.3509
FBtr0072795	288	148	155	577	306	378	149	222	218	295	420	469	295.48	196	395	2.016	1.012	3.278	0.00104398332805847	0.0262868448550172	0.05	0.1041	0.0644	0.0644	TRUE	0.4626
FBtr0304119	237	151	116	637	227	310	123	226	163	325	312	385	255.64	171	341	2.01	1.007	3.278	0.00104482731004013	0.0262868448550172	0.0465	0.1065	0.0632	0.0632	TRUE	0.6985
FBtr0305917	1599	428	558	3770	869	976	828	641	786	1925	1193	1211	1097.33	752	1443	1.921	0.942	3.272	0.00106707383745605	0.026812433463397	0.0488	0.0928	0.0586	0.0586	TRUE	1.041
FBtr0336451	8	3	4	21	20	32	4	4	6	11	27	40	15.36	5	26	5.454	2.447	3.259	0.00111746543274499	0.0278310817790077	0	0.386	0.274	0.274	TRUE	0.1153
FBtr0110823	475	160	89	679	401	401	246	240	125	347	551	497	334.29	204	465	2.273	1.185	3.258	0.00112028751556431	0.0278662712204834	0.0865	0.1023	0.0914	0.0914	TRUE	0.9781
FBtr0114602	1050	173	126	1576	686	742	543	259	177	805	942	921	607.9	326	889	2.709	1.438	3.256	0.00112907644716686	0.0280496064607094	0.1598	0.0962	0.1382	0.1382	TRUE	3.9895
FBtr0079531	23	4	15	50	43	73	12	6	21	26	59	91	35.7	13	59	4.463	2.158	3.255	0.0011346159992162	0.0281518587007533	0.2946	0.2166	0.2656	0.2656	TRUE	0.0796
FBtr0308213	497	118	95	874	320	261	257	177	134	446	439	324	296.22	189	403	2.117	1.082	3.249	0.00115868316841382	0.0286770458765748	0.0635	0.1041	0.0757	0.0757	TRUE	1.1628
FBtr0335423	987	274	294	1240	577	589	511	410	414	633	792	731	581.94	445	719	1.607	0.685	3.249	0.00115857644162085	0.0286770458765748	0.0131	0.0965	0.03	0.03	TRUE	0.2057
FBtr0084291	2785	755	835	5039	1398	1507	1441	1131	1176	2573	1920	1870	1685.17	1249	2121	1.697	0.763	3.241	0.00119061805827761	0.0293938478182767	0.0252	0.0914	0.0392	0.0392	TRUE	0.4259
FBtr0078079	13	9	9	102	28	18	7	13	13	52	38	22	24.29	11	37	3.642	1.865	3.239	0.0012013791972817	0.0296225356935731	0.1247	0.2767	0.1744	0.1744	TRUE	0.1163
FBtr0302594	17	8	9	24	60	77	9	12	13	12	82	96	37.27	11	63	5.71	2.513	3.228	0.00124777736901376	0.0306519223257727	0.4678	0.2112	0.3787	0.3787	TRUE	1.0822
FBtr0334634	130	32	39	311	77	81	67	48	55	159	106	100	89.2	57	122	2.137	1.096	3.222	0.00127313128142667	0.0312359442806605	0.0432	0.1398	0.0696	0.0696	TRUE	0.822
FBtr0112706	640	333	307	1154	734	1271	331	499	432	589	1008	1577	739.42	421	1058	2.515	1.331	3.221	0.0012780713066053	0.0313182900720196	0.1273	0.0948	0.1212	0.1212	TRUE	0.1381
FBtr0076663	145	58	57	264	125	102	75	87	80	135	172	127	112.54	81	145	1.792	0.841	3.219	0.00128531541144391	0.0313791509398807	0.0085	0.1292	0.0389	0.0389	TRUE	0.2564
FBtr0300248	82	32	23	175	61	58	42	48	32	89	84	72	61.31	41	82	2	1	3.218	0.00129204552691262	0.0315045626321789	0	0.1631	0.0504	0.0504	TRUE	0.1835
FBtr0072160	142	51	49	248	85	102	73	76	69	127	117	127	98.14	73	124	1.693	0.759	3.214	0.00130734104064721	0.0318382624123135	0	0.1352	0.0288	0.0288	TRUE	0.0193
FBtr0085406	84	44	35	181	84	82	43	66	49	92	115	102	78.03	53	103	1.974	0.981	3.213	0.00131268537137343	0.0319290937501963	0.0146	0.1472	0.0518	0.0518	TRUE	0.3189
FBtr0346276	1109	288	308	2072	535	632	574	431	434	1058	735	784	669.34	480	859	1.789	0.839	3.211	0.00132408806477349	0.0321274128599948	0.0326	0.0955	0.0474	0.0474	TRUE	0.5011
FBtr0085680	18	2	8	69	20	19	9	3	11	35	27	24	18.31	8	29	3.582	1.841	3.205	0.00135290719094232	0.0327062832529149	0.03	0.3381	0.1558	0.1558	TRUE	0.4758
FBtr0081873	352	92	130	649	186	226	182	138	183	331	255	280	228.39	168	289	1.722	0.784	3.201	0.00137001339886731	0.0329586556722641	0.0157	0.1086	0.0382	0.0382	TRUE	0.2298
FBtr0336452	8	3	3	28	14	17	4	4	4	14	19	21	11.25	4	18	4.213	2.075	3.2	0.00137595204750279	0.0330613022349546	0	0.4948	0.1563	0.1563	TRUE	0.3002
FBtr0305263	42	41	40	337	58	164	22	61	56	172	80	203	99.12	46	152	3.326	1.734	3.192	0.00141222138003633	0.033727871727317	0.2309	0.1347	0.1969	0.1969	TRUE	0.5689
FBtr0343527	87	38	34	313	56	87	45	57	48	160	77	108	82.42	50	115	2.337	1.225	3.188	0.00143115716070682	0.0340977504252738	0.069	0.1441	0.0908	0.0908	TRUE	0.2089
FBtr0079290	3317	1010	1195	4222	1772	2162	1717	1513	1683	2156	2433	2682	2030.73	1638	2424	1.479	0.564	3.179	0.00147577923353676	0.0349503405307658	0.0074	0.0909	0.0221	0.0221	TRUE	0.1153
FBtr0084601	20	5	4	49	32	17	10	7	6	25	44	21	18.92	8	30	3.633	1.861	3.178	0.00148371056791011	0.0350961441153378	0.0808	0.33	0.1658	0.1658	TRUE	0.8908
FBtr0077198	4464	1488	1588	5667	2212	2463	2310	2229	2237	2894	3038	3056	2627.19	2259	2996	1.326	0.407	3.174	0.0015058018919813	0.0355263295310272	5e-04	0.0904	0.0114	0.0114	TRUE	0.011
FBtr0273412	502	164	214	962	343	295	260	246	301	491	471	366	355.86	269	443	1.65	0.722	3.173	0.00150728649691691	0.0355263295310272	0.0148	0.1015	0.0341	0.0341	TRUE	0.2605
FBtr0100338	116	54	79	346	106	154	60	81	111	177	146	191	127.58	84	171	2.064	1.046	3.17	0.00152417012181156	0.0358388396656642	0.046	0.1244	0.0687	0.0687	TRUE	0.6553
FBtr0079839	48	20	20	259	39	45	25	30	28	132	54	56	54.1	28	81	2.97	1.57	3.163	0.00156136632763469	0.0366554689804832	0.1415	0.1731	0.1513	0.1513	TRUE	3.3869
FBtr0303148	91	34	25	210	50	86	47	51	35	107	69	107	69.3	44	94	2.126	1.088	3.159	0.00158463428418599	0.0371281314807796	0.0298	0.1545	0.0679	0.0679	TRUE	0.4773
FBtr0113354	3013	1202	1365	4628	2222	2229	1559	1800	1923	2363	3051	2765	2243.76	1761	2726	1.549	0.631	3.154	0.00161257884296148	0.0376935539238336	0.0129	0.0907	0.0284	0.0284	TRUE	0.167
FBtr0343377	209	53	80	601	104	184	108	79	113	307	143	228	163.04	100	226	2.262	1.178	3.153	0.0016164602305981	0.0377396706730547	0.0823	0.1167	0.0927	0.0927	TRUE	0.1056
FBtr0304682	728	844	322	2161	2478	2688	377	1264	454	1104	3403	3335	1655.96	698	2614	3.746	1.905	3.149	0.00163925892036629	0.0382268221111361	0.3719	0.0914	0.2629	0.2629	TRUE	5.8471
FBtr0342816	170	103	91	435	195	177	88	154	128	222	268	220	179.99	123	237	1.935	0.952	3.146	0.00165498475188346	0.0385027334923476	0.0388	0.114	0.0593	0.0593	TRUE	0.7705
FBtr0343770	36	16	39	220	68	60	19	24	55	112	93	74	62.95	33	93	2.944	1.558	3.144	0.00166408529370187	0.0386689620246234	0.1501	0.1612	0.154	0.154	TRUE	0.8428
FBtr0081890	1038	314	391	1586	517	610	537	470	551	810	710	757	639.16	519	759	1.461	0.547	3.142	0.00168067775815195	0.0390086885768248	0.0036	0.0958	0.0201	0.0201	TRUE	0.0751
FBtr0302711	144	40	38	231	85	89	75	60	54	118	117	110	88.84	63	115	1.807	0.854	3.137	0.00170667247002604	0.0395192600641275	0	0.1401	0.0405	0.0405	TRUE	0.3211
FBtr0075395	286	107	145	541	195	236	148	160	204	276	268	293	224.9	171	279	1.643	0.716	3.136	0.001714218654077	0.039647571794588	0.0089	0.109	0.0325	0.0325	TRUE	0.293
FBtr0072417	120	33	40	221	71	77	62	49	56	113	98	96	78.96	56	102	1.812	0.857	3.134	0.00172636450355573	0.0398818435254844	0	0.1465	0.0395	0.0395	TRUE	0.1072
FBtr0340226	67	15	16	330	70	29	35	22	23	169	96	36	63.38	27	100	3.749	1.907	3.132	0.00173670292792677	0.0400738627768401	0.2846	0.1607	0.2412	0.2412	TRUE	0.0963
FBtr0070724	266	96	108	904	158	212	138	144	152	462	217	263	229.2	145	314	2.184	1.127	3.129	0.00175592105859296	0.0404229789681907	0.076	0.1086	0.0879	0.0879	TRUE	1.0543
FBtr0347011	563	220	186	761	449	520	291	330	262	389	617	645	422.2	294	550	1.865	0.899	3.125	0.00177935768743851	0.0407254609596024	0.0423	0.0995	0.0568	0.0568	TRUE	0.8069
FBtr0100482	2114	575	738	2719	1294	1237	1094	861	1040	1388	1777	1535	1282.5	998	1567	1.567	0.648	3.12	0.00180918941354471	0.0413126104536336	0.0141	0.0922	0.0302	0.0302	TRUE	0.1687
FBtr0080837	15203	5569	6603	21688	9290	10809	7868	8341	9302	11075	12758	13410	10458.87	8504	12414	1.46	0.546	3.117	0.00182418189594251	0.0416069169460937	0.0083	0.0891	0.022	0.022	TRUE	0.1092
FBtr0340125	86	65	71	337	146	142	45	97	100	172	200	176	131.77	81	183	2.304	1.204	3.114	0.00184359284736812	0.0420012080146367	0.0864	0.1233	0.0978	0.0978	TRUE	1.7931
FBtr0081257	23	1	11	84	27	27	12	1	15	43	37	33	23.73	9	38	3.825	1.935	3.111	0.00186559826790961	0.042404834193003	0.081	0.2811	0.2113	0.2113	TRUE	1.1146
FBtr0308594	295	46	31	354	237	263	153	69	44	181	325	326	182.96	89	277	3.095	1.63	3.107	0.00188731496018647	0.0427875840031582	0.2335	0.1136	0.1901	0.1901	TRUE	4.3711
FBtr0080390	2	6	8	13	41	593	1	9	11	7	56	736	136.65	7	266	38.178	5.255	3.106	0.00189574446645078	0.0428928453364579	1.9797	0.1221	1.1869	1.9797	TRUE	4.3732
FBtr0309999	270	102	130	499	171	225	140	153	183	255	235	279	207.4	159	256	1.626	0.702	3.104	0.00191031524819666	0.0430746682247308	0.0075	0.1107	0.0313	0.0313	TRUE	0.1828
FBtr0300192	13	16	5	108	20	54	7	24	7	55	27	67	31.22	13	50	4.146	2.052	3.102	0.00192378243789964	0.0433289267761564	0.2758	0.2349	0.2598	0.2598	TRUE	0.7915
FBtr0080956	1491	535	593	2093	786	906	772	801	835	1069	1079	1124	946.75	803	1091	1.36	0.443	3.099	0.00194315823565085	0.0437155336860018	0	0.0935	0.0136	0.0136	TRUE	0.0149
FBtr0088052	206	50	19	560	139	136	107	75	27	286	191	169	142.31	70	215	3.071	1.619	3.098	0.00194637643431138	0.0437381749869403	0.2255	0.1207	0.1863	0.1863	TRUE	1.2071
FBtr0072060	777	224	275	1045	401	451	402	336	387	534	551	560	461.47	375	548	1.456	0.542	3.096	0.00196205807362155	0.0440405203244792	0.0019	0.0985	0.0197	0.0197	TRUE	0.0912
FBtr0089626	8	4	5	45	11	18	4	6	7	23	15	22	12.93	6	20	3.747	1.906	3.095	0.0019667332933662	0.0440954091568215	0	0.4418	0.1543	0.1543	TRUE	0.3267
FBtr0340405	295	82	81	1157	183	168	153	123	114	591	251	208	240.02	130	350	2.698	1.432	3.094	0.00197504099397151	0.0442315239589882	0.1691	0.1077	0.1486	0.1486	TRUE	2.8463
FBtr0080884	2005	588	763	2752	1048	1154	1038	881	1075	1405	1439	1432	1211.56	998	1425	1.427	0.513	3.093	0.00198340728661194	0.0443185074494363	0.0041	0.0924	0.0189	0.0189	TRUE	0.1213
FBtr0072994	135	82	70	504	112	160	70	123	99	257	154	198	150.16	97	203	2.124	1.087	3.087	0.00202260525063994	0.0450712265685099	0.0655	0.1191	0.081	0.081	TRUE	0.1796
FBtr0073005	1960	604	694	2598	984	1036	1014	905	978	1327	1351	1285	1143.32	966	1321	1.367	0.451	3.079	0.00207645115527126	0.0460850971891012	0.001	0.0926	0.0145	0.0145	TRUE	0.0354
FBtr0343506	525	109	147	880	275	283	272	163	207	449	378	351	303.36	214	393	1.825	0.868	3.067	0.00216074827271778	0.0477950750480918	0.0355	0.1037	0.0538	0.0538	TRUE	0.6644
FBtr0114372	358	113	147	844	189	264	185	169	207	431	260	328	263.28	187	340	1.82	0.864	3.063	0.00219186461806897	0.0483751370784754	0.0349	0.106	0.0528	0.0528	TRUE	0.2083
FBtr0334405	435	114	164	1420	254	281	225	171	231	725	349	349	341.57	209	474	2.273	1.184	3.058	0.00222752369676291	0.0490526515629026	0.1051	0.102	0.1043	0.1043	TRUE	2.5694
FBtr0340632	269	107	109	415	203	196	139	160	154	212	279	243	197.81	151	245	1.62	0.696	3.056	0.00224510893599713	0.0492752821413354	0.0098	0.1117	0.0316	0.0316	TRUE	0.1491
FBtr0305911	160	88	99	533	134	194	83	132	139	272	184	241	175.16	118	232	1.995	0.996	3.054	0.00226139428738284	0.0495776851807048	0.0522	0.1147	0.0697	0.0697	TRUE	0.5641
