Id	Ctrl1	Ctrl3	Ctrl4	RNAi1	RNAi3	RNAi4	norm.Ctrl1	norm.Ctrl3	norm.Ctrl4	norm.RNAi1	norm.RNAi3	norm.RNAi4	baseMean	Untreated	RNAi	FoldChange	log2FoldChange	stat	pvalue	padj	dispGeneEst	dispFit	dispMAP	dispersion	betaConv	maxCooks
FBgn0025111	704	282	289	5109	2299	2684	354	441	412	2609	3218	3285	1719.94	402	3037	7.591	2.924	19.905	3.65157978640461e-88	1.09766488379322e-84	0.0136	0.0143	0.014	0.014	TRUE	0.1885
FBgn0000071	204	72	83	1126	476	584	103	113	118	575	666	715	381.62	111	652	5.906	2.562	14.896	3.48484789271191e-50	3.1426358296476e-47	0.0084	0.0217	0.0156	0.0156	TRUE	0.1358
FBgn0001226	1490	469	653	4559	1688	2075	749	734	931	2328	2363	2540	1607.44	805	2410	3	1.585	12.093	1.15288461407619e-33	7.42622389267078e-31	0.0079	0.0144	0.0115	0.0115	TRUE	0.2144
FBgn0283437	7087	2313	2571	17565	7571	7041	3565	3618	3664	8970	10599	8618	6505.54	3616	9396	2.598	1.378	11.984	4.3333742679276e-33	2.60522460987807e-30	0.0061	0.0127	0.0093	0.0093	TRUE	0.1525
FBgn0035189	123	48	34	660	379	334	62	75	48	337	531	409	243.64	62	426	6.871	2.78	11.535	8.7823146756127e-31	4.1683638812987e-28	0.0397	0.0271	0.0318	0.0318	TRUE	0.1292
FBgn0051092	124	39	37	515	214	245	62	61	53	263	300	300	173.09	59	288	4.836	2.274	10.979	4.84831618654611e-28	2.08200549382251e-25	0	0.0332	0.0202	0.0202	TRUE	0.0709
FBgn0262733	382	113	97	1501	472	478	192	177	138	767	661	585	419.91	169	671	3.94	1.978	10.797	3.57091490799179e-27	1.46375048364863e-24	0.0192	0.0209	0.0202	0.0202	TRUE	0.1645
FBgn0011260	171	50	52	816	243	256	86	78	74	417	340	313	218.09	79	357	4.467	2.159	10.523	6.76091683297279e-26	2.54041449998953e-23	0.0139	0.0289	0.0222	0.0222	TRUE	0.2695
FBgn0003748	1515	447	493	3132	1135	1239	762	699	703	1599	1589	1517	1144.77	721	1568	2.169	1.117	10.045	9.62386458217209e-24	2.89293369340093e-21	9e-04	0.0154	0.0078	0.0078	TRUE	0.0323
FBgn0029002	2371	620	787	5527	1742	2098	1193	970	1122	2822	2439	2568	1852.16	1095	2610	2.38	1.251	9.859	6.28924829293312e-23	1.66813062075503e-20	0.0072	0.0142	0.0109	0.0109	TRUE	0.1152
FBgn0037290	28	10	12	308	91	104	14	16	17	157	127	127	76.47	16	137	9.047	3.178	9.751	1.82909743151058e-22	4.71280018210354e-20	0	0.0598	0.0397	0.0397	TRUE	0.1944
FBgn0261673	24	13	8	263	91	100	12	20	11	134	127	122	71.32	14	128	9.203	3.202	9.473	2.715556589318e-21	6.44444455854468e-19	0	0.0633	0.0422	0.0422	TRUE	0.302
FBgn0032405	62	19	18	292	106	129	31	30	26	149	148	158	90.33	29	152	5.183	2.374	8.904	5.37925948763253e-19	1.0321311076483e-16	0	0.0525	0.0302	0.0302	TRUE	0.0597
FBgn0041087	1581	518	625	3161	1329	1576	795	810	891	1614	1860	1929	1316.65	832	1801	2.165	1.114	8.89	6.11219385459689e-19	1.14832842043239e-16	0.0058	0.015	0.0103	0.0103	TRUE	0.1035
FBgn0001224	632	186	292	1733	637	856	318	291	416	885	892	1048	641.57	342	942	2.76	1.465	8.786	1.55454546542744e-18	2.84498127682159e-16	0.0178	0.0179	0.0178	0.0178	TRUE	0.3825
FBgn0034718	644	214	246	1372	553	656	324	335	351	701	774	803	547.83	337	759	2.258	1.175	8.716	2.8855104414772e-18	5.10226140416498e-16	0	0.0188	0.0108	0.0108	TRUE	0.0587
FBgn0010395	1150	428	409	3183	921	1044	578	669	583	1625	1289	1278	1003.9	610	1397	2.3	1.201	8.193	2.54401079166957e-16	3.95549815849589e-14	0.0117	0.0158	0.0142	0.0142	TRUE	0.2524
FBgn0003137	6413	2265	2186	11267	4895	5042	3226	3543	3115	5754	6853	6171	4776.9	3295	6259	1.9	0.926	8.048	8.44594733093248e-16	1.26942588383915e-13	0.0057	0.0129	0.0093	0.0093	TRUE	0.0836
FBgn0033367	20092	6406	6890	36920	21542	20157	10106	10019	9819	18854	30157	24672	17271.3	9981	24561	2.46	1.299	8.001	1.23501192628249e-15	1.82579304118287e-13	0.0265	0.0124	0.0189	0.0189	TRUE	0.0986
FBgn0040271	1594	519	559	3225	1140	1144	802	812	797	1647	1596	1400	1175.54	804	1548	1.928	0.947	7.992	1.32844301821592e-15	1.93224179649535e-13	0.0033	0.0153	0.0091	0.0091	TRUE	0.0828
FBgn0033113	548	177	233	1219	496	531	276	277	332	622	694	650	475.22	295	655	2.229	1.156	7.925	2.27565486542796e-15	3.20653993381708e-13	0.0038	0.0198	0.0127	0.0127	TRUE	0.1265
FBgn0024491	1804	542	596	3861	1153	1354	907	848	849	1972	1614	1657	1307.93	868	1748	2.014	1.01	7.915	2.46543672077076e-15	3.42050897660165e-13	0.0067	0.015	0.0108	0.0108	TRUE	0.1564
FBgn0038149	1316	442	536	2628	1031	1374	662	691	764	1342	1443	1682	1097.38	706	1489	2.112	1.078	7.9	2.78668374352704e-15	3.74574915135614e-13	0.0081	0.0155	0.0123	0.0123	TRUE	0.154
FBgn0031327	866	347	402	2086	821	900	436	543	573	1065	1149	1102	811.24	517	1105	2.15	1.105	7.675	1.64937036552408e-14	2.09493266990087e-12	0.0096	0.0167	0.0134	0.0134	TRUE	0.2505
FBgn0032598	461	134	163	918	371	392	232	210	232	469	519	480	356.96	225	489	2.167	1.116	7.544	4.56681095005938e-14	5.27993604456865e-12	0	0.0224	0.0123	0.0123	TRUE	0.0318
FBgn0001225	427	157	210	1095	440	601	215	246	299	559	616	736	445.06	253	637	2.53	1.339	7.368	1.73295086691447e-13	1.92935196516477e-11	0.0201	0.0204	0.0207	0.0207	TRUE	0.2737
FBgn0260011	48	19	35	263	133	149	24	30	50	134	186	182	101.1	35	167	4.994	2.32	7.349	1.99874223331098e-13	2.17164547710824e-11	0.0611	0.0482	0.0526	0.0526	TRUE	0.8888
FBgn0051642	75	43	26	330	156	144	38	67	37	169	218	176	117.53	47	188	4.063	2.023	7.207	5.70660792875222e-13	5.98397561645203e-11	0.0402	0.0432	0.0422	0.0422	TRUE	0.816
FBgn0265276	208	54	47	626	189	194	105	84	67	320	265	237	179.63	85	274	3.16	1.66	7.122	1.06249028789028e-12	1.06461526846606e-10	0.0286	0.0325	0.0309	0.0309	TRUE	0.4712
FBgn0051195	1457	442	473	2328	890	1004	733	691	674	1189	1246	1229	960.32	699	1221	1.741	0.8	7.116	1.10826533506809e-12	1.09827876831254e-10	0	0.016	0.0079	0.0079	TRUE	0.0232
FBgn0037153	158	47	39	506	151	158	79	74	56	258	211	193	145.29	70	221	3.152	1.656	7.009	2.4063398234416e-12	2.28424973976804e-10	0.0198	0.0373	0.0302	0.0302	TRUE	0.2688
FBgn0261284	32	11	14	166	60	92	16	17	20	85	84	113	55.77	18	94	5.355	2.421	6.985	2.83865589778678e-12	2.63907205012796e-10	0	0.0775	0.0514	0.0514	TRUE	0.2758
FBgn0038198	46	19	8	197	75	117	23	30	11	101	105	143	68.84	21	116	5.374	2.426	6.909	4.88215225470272e-12	4.40272490329091e-10	0.0456	0.0651	0.0598	0.0598	TRUE	0.5962
FBgn0031150	1207	315	320	2870	751	907	607	493	456	1466	1051	1110	863.83	519	1209	2.326	1.218	6.901	5.17917645667561e-12	4.5790013025785e-10	0.0267	0.0164	0.0209	0.0209	TRUE	0.4242
FBgn0035968	358	122	154	832	283	366	180	191	219	425	396	448	309.9	197	423	2.166	1.115	6.901	5.16829247676008e-12	4.5790013025785e-10	0.0027	0.0239	0.0148	0.0148	TRUE	0.1032
FBgn0038528	176	65	67	559	154	204	89	102	95	285	216	250	172.74	95	250	2.666	1.415	6.843	7.75367794224704e-12	6.78860851293047e-10	0.0103	0.0333	0.023	0.023	TRUE	0.1038
FBgn0051363	11790	3222	3163	23004	6644	7885	5930	5039	4508	11747	9301	9651	7696.2	5159	10233	1.983	0.988	6.836	8.13085727912683e-12	7.05039143684287e-10	0.0178	0.0127	0.0149	0.0149	TRUE	0.2106
FBgn0034885	135	72	56	437	198	242	68	113	80	223	277	296	176.15	87	265	3.113	1.639	6.795	1.07945016846471e-11	9.01340890668035e-10	0.0343	0.0329	0.0335	0.0335	TRUE	0.5521
FBgn0036752	9318	3223	3350	14470	5306	5953	4687	5041	4774	7389	7428	7286	6100.99	4834	7368	1.525	0.609	6.716	1.87276549548597e-11	1.49456630427367e-09	5e-04	0.0128	0.0057	0.0057	TRUE	0.0169
FBgn0039479	173	75	75	455	217	241	87	117	107	232	304	295	190.39	104	277	2.698	1.432	6.685	2.30230437568373e-11	1.80540703129703e-09	0.0186	0.0313	0.0258	0.0258	TRUE	0.2645
FBgn0033095	1176	377	394	1970	703	790	592	590	562	1006	984	967	783.3	581	986	1.696	0.762	6.66	2.73429510888514e-11	2.10751053777147e-09	0	0.0168	0.008	0.008	TRUE	0.0094
FBgn0266525	1176	377	394	1970	703	790	592	590	562	1006	984	967	783.3	581	986	1.696	0.762	6.66	2.73429510888514e-11	2.10751053777147e-09	0	0.0168	0.008	0.008	TRUE	0.0094
FBgn0267488	3528	1299	1242	6077	2177	2436	1775	2032	1770	3103	3048	2982	2451.49	1859	3044	1.64	0.714	6.634	3.26238551821118e-11	2.49323666129055e-09	0.0028	0.0137	0.0079	0.0079	TRUE	0.0776
FBgn0031689	371	116	136	786	255	318	187	181	194	401	357	389	284.91	187	382	2.048	1.034	6.599	4.14104546513921e-11	3.11199566705211e-09	0	0.025	0.0134	0.0134	TRUE	0.0366
FBgn0034438	73	21	28	272	95	89	37	33	40	139	133	109	81.72	37	127	3.484	1.801	6.587	4.500341623076e-11	3.35405626090077e-09	0	0.0568	0.0354	0.0354	TRUE	0.1481
FBgn0003502	1921	634	699	3049	1119	1279	966	992	996	1557	1567	1565	1273.85	985	1563	1.588	0.668	6.532	6.49278116078085e-11	4.72192746031626e-09	0	0.015	0.0066	0.0066	TRUE	0.0035
FBgn0038476	2003	697	757	3505	1231	1349	1008	1090	1079	1790	1723	1651	1390.14	1059	1721	1.63	0.705	6.529	6.60719654773015e-11	4.76669587739444e-09	0.0013	0.0148	0.0076	0.0076	TRUE	0.0234
FBgn0001258	2009	702	846	3469	1605	1893	1011	1098	1206	1771	2247	2317	1608.26	1105	2112	1.912	0.935	6.47	9.82255947224608e-11	6.81383394774732e-09	0.0128	0.0144	0.0143	0.0143	TRUE	0.2469
FBgn0038805	1173	354	441	1950	707	842	590	554	628	996	990	1031	798.06	591	1006	1.701	0.766	6.47	9.78773474502096e-11	6.81383394774732e-09	0	0.0167	0.0086	0.0086	TRUE	0.0326
FBgn0035761	867	268	318	1470	533	624	436	419	453	751	746	764	594.85	436	754	1.727	0.788	6.445	1.15649779335634e-10	7.96129549655533e-09	0	0.0183	0.0088	0.0088	TRUE	0.0116
FBgn0027515	669	206	248	1255	429	475	337	322	353	641	601	581	472.5	337	608	1.804	0.851	6.325	2.53787277194348e-10	1.70795049681987e-08	0	0.0199	0.0106	0.0106	TRUE	0.0296
FBgn0034405	3512	1144	1382	5727	2007	2385	1767	1789	1970	2925	2810	2919	2363.14	1842	2885	1.568	0.649	6.318	2.65701069804764e-10	1.761832534926e-08	0.0014	0.0137	0.0071	0.0071	TRUE	0.0437
FBgn0050463	33	10	10	203	62	49	17	16	14	104	87	60	49.49	16	84	5.371	2.425	6.303	2.91095601546675e-10	1.91613148521745e-08	0	0.0858	0.0672	0.0672	TRUE	0.1265
FBgn0033065	16	5	8	109	50	46	8	8	11	56	70	56	34.87	9	61	6.788	2.763	6.295	3.07510881232127e-10	2.00951675866038e-08	0	0.1166	0.0733	0.0733	TRUE	0.1333
FBgn0051352	2868	838	868	4458	1492	1772	1443	1311	1237	2277	2089	2169	1754.08	1330	2178	1.635	0.709	6.241	4.3476003137683e-10	2.80047568782589e-08	0.0031	0.0143	0.0086	0.0086	TRUE	0.0699
FBgn0052625	173	41	75	586	155	180	87	64	107	299	217	220	165.76	86	245	2.863	1.517	6.215	5.14727810370736e-10	3.26888408022768e-08	0.035	0.0342	0.0345	0.0345	TRUE	0.4456
FBgn0039464	1059	381	437	1848	976	1097	533	596	623	944	1366	1343	900.69	584	1218	2.085	1.06	6.204	5.49776714808928e-10	3.46705343646637e-08	0.0238	0.0162	0.0196	0.0196	TRUE	0.4818
FBgn0263232	878	266	223	2597	638	623	442	416	318	1326	893	763	692.9	392	994	2.536	1.343	6.14	8.24767518453211e-10	5.05969624585786e-08	0.057	0.0174	0.0325	0.0325	TRUE	0.5924
FBgn0024984	127	43	55	305	147	172	64	67	78	156	206	211	130.26	70	191	2.734	1.451	6.127	8.93827637414626e-10	5.40975680147993e-08	0.0169	0.0401	0.0299	0.0299	TRUE	0.3245
FBgn0039113	597	239	248	1228	433	582	300	374	353	627	606	712	495.53	342	648	1.907	0.931	6.114	9.73422670416282e-10	5.85221709454268e-08	0.0081	0.0195	0.0143	0.0143	TRUE	0.1551
FBgn0264302	428	120	121	774	278	308	215	188	172	395	389	377	289.47	192	387	1.999	0.999	6.105	1.02851553379717e-09	6.10207439722558e-08	0.0031	0.0248	0.0151	0.0151	TRUE	0.1529
FBgn0264303	428	120	121	774	278	308	215	188	172	395	389	377	289.47	192	387	1.999	0.999	6.105	1.02851553379717e-09	6.10207439722558e-08	0.0031	0.0248	0.0151	0.0151	TRUE	0.1529
FBgn0000116	718	301	275	1369	890	877	361	471	392	699	1246	1073	707.05	408	1006	2.467	1.303	6.092	1.11837717013927e-09	6.59184661458559e-08	0.0511	0.0173	0.031	0.031	TRUE	0.296
FBgn0063492	957	262	324	1567	533	680	481	410	462	800	746	832	621.93	451	793	1.752	0.809	6.089	1.1365621527381e-09	6.65553083986504e-08	0.0026	0.018	0.0108	0.0108	TRUE	0.0682
FBgn0031516	1464	482	478	2269	823	927	736	754	681	1159	1152	1135	936.16	724	1149	1.586	0.665	5.909	3.43425671221711e-09	1.92361037458223e-07	0	0.0161	0.0079	0.0079	TRUE	0.029
FBgn0033775	37	11	19	165	63	62	19	17	27	84	88	76	51.87	21	83	4.014	2.005	5.906	3.51490273803983e-09	1.95662919084217e-07	0	0.0824	0.0515	0.0515	TRUE	0.2463
FBgn0028327	7267	1993	2375	9944	3781	4272	3655	3117	3385	5078	5293	5229	4292.88	3386	5200	1.534	0.617	5.878	4.14186261619805e-09	2.26371618623479e-07	0.003	0.013	0.0077	0.0077	TRUE	0.0605
FBgn0030037	1139	374	388	1720	681	764	573	585	553	878	953	935	746.28	570	922	1.615	0.691	5.851	4.89942325570276e-09	2.66162644095949e-07	0	0.0171	0.0085	0.0085	TRUE	0.0223
FBgn0037680	665	191	220	1231	388	440	335	299	314	629	543	539	442.85	316	570	1.805	0.852	5.825	5.70185495763422e-09	3.04256378745239e-07	0.0047	0.0204	0.0128	0.0128	TRUE	0.1023
FBgn0033635	2622	1358	1484	7160	2775	3112	1319	2124	2115	3656	3885	3809	2818	1853	3783	2.047	1.033	5.783	7.32243467433148e-09	3.83916952866984e-07	0.031	0.0135	0.0225	0.0225	TRUE	0.7884
FBgn0259224	453	149	156	994	292	329	228	233	222	508	409	403	333.72	228	440	1.941	0.957	5.777	7.59667189771428e-09	3.95992989442702e-07	0.0086	0.0231	0.0162	0.0162	TRUE	0.2298
FBgn0035150	4381	1355	1480	6689	2260	2507	2204	2119	2109	3416	3164	3069	2680.07	2144	3216	1.5	0.585	5.773	7.77979084729666e-09	4.03207780809892e-07	0.0017	0.0135	0.007	0.007	TRUE	0.0369
FBgn0033724	123	47	81	416	156	221	62	74	115	212	218	271	158.69	84	234	2.844	1.508	5.765	8.14940119797566e-09	4.17338355554402e-07	0.0492	0.0351	0.0403	0.0403	TRUE	0.9459
FBgn0035727	77	26	23	202	84	95	39	41	33	103	118	116	74.87	38	112	2.978	1.575	5.764	8.19127178233857e-09	4.17338355554402e-07	0	0.0608	0.0351	0.0351	TRUE	0.0632
FBgn0004507	2871	905	998	4016	1940	2235	1444	1415	1422	2051	2716	2736	1964.03	1427	2501	1.749	0.807	5.754	8.71732961447629e-09	4.41645384625546e-07	0.013	0.014	0.0136	0.0136	TRUE	0.3075
FBgn0030598	32	8	12	142	55	47	16	13	17	73	77	58	42.12	15	69	4.478	2.163	5.729	1.00919047841094e-08	5.08429035436307e-07	0	0.0987	0.0616	0.0616	TRUE	0.1689
FBgn0000405	3686	1258	1234	5407	2145	2218	1854	1968	1759	2761	3003	2715	2343.19	1860	2826	1.519	0.603	5.644	1.65909517453571e-08	8.15114755824996e-07	0.0024	0.0137	0.0077	0.0077	TRUE	0.0355
FBgn0003076	2390	748	907	3494	1397	1767	1202	1170	1293	1784	1956	2163	1594.58	1222	1968	1.609	0.686	5.645	1.65490686186634e-08	8.15114755824996e-07	0.005	0.0145	0.0099	0.0099	TRUE	0.0914
FBgn0261238	1328	517	482	2163	903	1042	668	809	687	1105	1264	1275	967.94	721	1215	1.687	0.754	5.607	2.05753074049869e-08	1.00296282258471e-06	0.007	0.0159	0.0118	0.0118	TRUE	0.1268
FBgn0000043	44099	16039	17268	65414	29753	34377	22182	25086	24610	33405	41652	42077	31501.86	23959	39045	1.63	0.705	5.602	2.11556075455684e-08	1.02570574648353e-06	0.0099	0.0123	0.0114	0.0114	TRUE	0.1958
FBgn0032451	703	258	333	1313	568	704	354	404	475	671	795	862	593.18	411	776	1.895	0.922	5.534	3.12606399683607e-08	1.46827318351394e-06	0.0175	0.0183	0.0179	0.0179	TRUE	0.2116
FBgn0038436	981	354	373	1579	605	732	493	554	532	806	847	896	687.99	526	850	1.618	0.695	5.51	3.5820793742774e-08	1.66511297923884e-06	0.0022	0.0175	0.0098	0.0098	TRUE	0.0396
FBgn0005640	2448	904	841	3744	1414	1736	1231	1414	1199	1912	1979	2125	1643.35	1281	2005	1.566	0.647	5.47	4.48917490915404e-08	2.05499387465742e-06	0.0046	0.0144	0.0094	0.0094	TRUE	0.0942
FBgn0260484	903	307	279	1357	592	629	454	480	398	693	829	770	603.94	444	764	1.715	0.778	5.448	5.10513658707738e-08	2.29045381802308e-06	0.0064	0.0182	0.0128	0.0128	TRUE	0.088
FBgn0036007	2033	669	681	3492	1225	1166	1023	1046	971	1783	1715	1427	1327.47	1013	1642	1.622	0.698	5.422	5.89601222391445e-08	2.60999939075163e-06	0.0071	0.0149	0.011	0.011	TRUE	0.1562
FBgn0285963	2888	892	1063	4044	1541	1783	1453	1395	1515	2065	2157	2182	1794.59	1454	2135	1.467	0.553	5.422	5.90419023855991e-08	2.60999939075163e-06	6e-04	0.0142	0.0069	0.0069	TRUE	0.0151
FBgn0030805	419	162	187	774	381	446	211	253	267	395	533	546	367.53	244	491	2.023	1.017	5.407	6.4082871468195e-08	2.81902114585455e-06	0.0221	0.0221	0.0221	0.0221	TRUE	0.37
FBgn0063493	339	113	131	667	213	337	171	177	187	341	298	412	264.21	178	350	1.975	0.982	5.36	8.33714020163422e-08	3.59733637982476e-06	0.0113	0.026	0.0196	0.0196	TRUE	0.2135
FBgn0020248	30	11	9	109	44	57	15	17	13	56	62	70	38.69	15	63	4.129	2.046	5.33	9.80049916684084e-08	4.18866831689909e-06	0	0.1063	0.0633	0.0633	TRUE	0.1018
FBgn0027949	2346	725	862	3222	1398	1546	1180	1134	1228	1645	1957	1892	1506.2	1181	1831	1.548	0.631	5.298	1.16973067261432e-07	4.95240901673049e-06	0.0046	0.0146	0.0094	0.0094	TRUE	0.0993
FBgn0037739	575	161	193	968	326	369	289	252	275	494	456	452	369.74	272	467	1.713	0.777	5.292	1.21117355699147e-07	5.10390800792012e-06	0	0.022	0.0124	0.0124	TRUE	0.0428
FBgn0036299	764	321	370	1465	658	834	384	502	527	748	921	1021	683.96	471	897	1.91	0.933	5.255	1.47635690673392e-07	6.16379008561413e-06	0.0253	0.0175	0.0209	0.0209	TRUE	0.3197
FBgn0035266	410	156	211	797	435	510	206	244	301	407	609	624	398.52	250	547	2.19	1.131	5.228	1.70948643365861e-07	7.10421597176652e-06	0.0434	0.0213	0.0305	0.0305	TRUE	0.6218
FBgn0015568	276	73	126	533	225	257	139	114	180	272	315	315	222.38	144	301	2.08	1.056	5.193	2.06416222125285e-07	8.46118859602647e-06	0.0167	0.0286	0.0242	0.0242	TRUE	0.4017
FBgn0034391	76	29	23	195	76	88	38	45	33	100	106	108	71.67	39	105	2.7	1.433	5.183	2.18665874600792e-07	8.88256241959432e-06	0	0.063	0.0364	0.0364	TRUE	0.1004
FBgn0038341	573	220	233	966	450	486	288	344	332	493	630	595	447.08	321	573	1.785	0.836	5.176	2.26384784857458e-07	9.15487887822672e-06	0.0114	0.0203	0.0161	0.0161	TRUE	0.1867
FBgn0031117	406	140	189	724	353	457	204	219	269	370	494	559	352.63	231	474	2.057	1.04	5.136	2.80577405928933e-07	1.11957833923324e-05	0.0307	0.0225	0.026	0.026	TRUE	0.2828
FBgn0004396	4355	1157	931	8230	2270	2570	2191	1810	1327	4203	3178	3146	2642.21	1776	3509	1.974	0.981	5.122	3.02630328452874e-07	1.19698258859124e-05	0.0438	0.0136	0.026	0.026	TRUE	0.5581
FBgn0003317	2065	698	826	3163	1178	1302	1039	1092	1177	1615	1649	1594	1360.93	1103	1619	1.471	0.557	5.097	3.45193560497894e-07	1.34759979591775e-05	0.0013	0.0149	0.0078	0.0078	TRUE	0.0417
FBgn0039593	45	7	19	150	48	67	23	11	27	77	67	82	47.74	20	75	3.643	1.865	5.065	4.09173314423748e-07	1.58365877659801e-05	0	0.0885	0.0653	0.0653	TRUE	0.5056
FBgn0034354	521	164	248	962	374	487	262	257	353	491	524	596	413.82	291	537	1.852	0.889	5.06	4.19910777849132e-07	1.61827153617242e-05	0.017	0.021	0.0193	0.0193	TRUE	0.3741
FBgn0036862	504	167	138	923	283	347	254	261	197	471	396	425	333.94	237	431	1.816	0.861	5.016	5.27268792734417e-07	2.02336594590595e-05	0.01	0.0231	0.0177	0.0177	TRUE	0.2201
FBgn0037468	5629	1203	1496	10472	2852	3048	2831	1882	2132	5348	3993	3731	3319.33	2282	4357	1.908	0.932	5.012	5.389840864777e-07	2.05086856196452e-05	0.0426	0.0133	0.0245	0.0245	TRUE	0.5458
FBgn0032089	172	55	58	323	121	160	87	86	83	165	169	196	130.9	85	177	2.068	1.048	4.969	6.71627480586481e-07	2.53419942256439e-05	0	0.04	0.0228	0.0228	TRUE	0.0915
FBgn0086906	1912	674	624	2856	1281	1155	962	1054	889	1458	1793	1414	1261.78	968	1555	1.605	0.682	4.876	1.08421820483955e-06	4.023654226849e-05	0.0113	0.0151	0.0132	0.0132	TRUE	0.2114
FBgn0259740	1059	285	356	2196	544	666	533	446	507	1121	762	815	697.33	495	899	1.818	0.862	4.857	1.19472499885928e-06	4.39756328151552e-05	0.025	0.0174	0.021	0.021	TRUE	0.5743
FBgn0035811	1118	488	611	2227	1041	1199	562	763	871	1137	1457	1468	1043.09	732	1354	1.855	0.891	4.842	1.28652753138351e-06	4.69712764292167e-05	0.0309	0.0157	0.0232	0.0232	TRUE	0.5191
FBgn0266064	5045	1827	1985	7125	3172	3499	2538	2858	2829	3638	4441	4283	3430.99	2742	4121	1.503	0.588	4.832	1.35317292262579e-06	4.89808713787801e-05	0.0069	0.0132	0.0103	0.0103	TRUE	0.1296
FBgn0039381	1234	456	539	2086	823	852	621	713	768	1065	1152	1043	893.72	701	1087	1.556	0.638	4.826	1.39476846293173e-06	5.01116414291568e-05	0.0061	0.0163	0.0113	0.0113	TRUE	0.1306
FBgn0266801	338	124	82	673	221	249	170	194	117	344	309	305	239.78	160	319	1.992	0.994	4.821	1.42929820201846e-06	5.11484570865178e-05	0.0223	0.0274	0.0256	0.0256	TRUE	0.5096
FBgn0032635	967	338	375	1490	563	631	486	529	534	761	788	772	645.15	516	774	1.502	0.587	4.806	1.5400264442969e-06	5.45497246334187e-05	0	0.0178	0.009	0.009	TRUE	0.0351
FBgn0259821	266	79	66	591	179	167	134	124	94	302	251	204	184.7	117	252	2.145	1.101	4.805	1.5488208667917e-06	5.4559635065342e-05	0.03	0.0319	0.0311	0.0311	TRUE	0.1231
FBgn0031049	612	162	244	1394	375	399	308	253	348	712	525	488	439.03	303	575	1.903	0.928	4.755	1.9822137118893e-06	6.84889013556234e-05	0.0302	0.0205	0.0247	0.0247	TRUE	0.5336
FBgn0032140	3418	1164	1269	5049	1680	2075	1719	1821	1809	2578	2352	2540	2136.39	1783	2490	1.399	0.484	4.731	2.23534627967236e-06	7.57652561512873e-05	0.0013	0.0139	0.007	0.007	TRUE	0.028
FBgn0262794	1603	435	561	3787	869	978	806	680	800	1934	1217	1197	1105.61	762	1449	1.904	0.929	4.727	2.27379349479801e-06	7.6511454239136e-05	0.0448	0.0155	0.0267	0.0267	TRUE	1.0491
FBgn0000146	2605	827	981	3831	1341	1475	1310	1293	1398	1956	1877	1805	1606.82	1334	1879	1.411	0.496	4.715	2.41260312309465e-06	7.99884373678954e-05	0.0011	0.0145	0.0073	0.0073	TRUE	0.0204
FBgn0003041	2591	895	958	3733	1383	1499	1303	1400	1365	1906	1936	1835	1624.26	1356	1892	1.397	0.483	4.716	2.4080560170563e-06	7.99884373678954e-05	5e-04	0.0144	0.0069	0.0069	TRUE	0.015
FBgn0029147	1329	494	600	2141	965	1026	668	773	855	1093	1351	1256	999.38	765	1233	1.614	0.691	4.718	2.38617145550871e-06	7.99884373678954e-05	0.0125	0.0158	0.0143	0.0143	TRUE	0.1578
FBgn0261278	2236	712	858	3171	1165	1326	1125	1114	1223	1619	1631	1623	1389.06	1154	1624	1.409	0.495	4.693	2.6865826589842e-06	8.71496489881996e-05	1e-04	0.0148	0.0072	0.0072	TRUE	0.0315
FBgn0011016	2844	872	1097	4363	1447	1656	1431	1364	1563	2228	2026	2027	1773.08	1453	2094	1.443	0.529	4.689	2.74830889083694e-06	8.85465578668633e-05	0.0031	0.0142	0.0085	0.0085	TRUE	0.0514
FBgn0031888	4537	1567	1709	6326	2291	2817	2282	2451	2436	3230	3207	3448	2842.38	2390	3295	1.38	0.465	4.679	2.88463343324518e-06	9.25751754484165e-05	0.0013	0.0135	0.0067	0.0067	TRUE	0.0198
FBgn0003074	3138	1153	1246	4447	2179	2319	1578	1803	1776	2271	3050	2838	2219.55	1719	2720	1.582	0.662	4.678	2.89740752507841e-06	9.26553938338903e-05	0.0128	0.0138	0.0139	0.0139	TRUE	0.2582
FBgn0031307	2698	986	1163	4009	1808	2194	1357	1542	1657	2047	2531	2685	1970.08	1519	2421	1.595	0.673	4.673	2.96962300703564e-06	9.46291882595315e-05	0.0136	0.014	0.0144	0.0144	TRUE	0.2265
FBgn0010470	7784	2673	3134	10736	4286	5025	3915	4181	4466	5482	6000	6151	5032.61	4187	5878	1.404	0.489	4.574	4.78379524214849e-06	0.000147740635252381	0.0036	0.0129	0.008	0.008	TRUE	0.0428
FBgn0038720	401	132	135	640	223	290	202	206	192	327	312	355	265.75	200	331	1.654	0.726	4.567	4.94644275376673e-06	0.000152242391650063	0	0.0259	0.0139	0.0139	TRUE	0.0408
FBgn0053556	378	117	116	552	253	256	190	183	165	282	354	313	247.98	179	316	1.746	0.804	4.561	5.07979392804963e-06	0.000155814903548135	0.0068	0.0269	0.0177	0.0177	TRUE	0.118
FBgn0250904	34	12	13	102	44	50	17	19	19	52	62	61	38.21	18	58	3.225	1.689	4.555	5.22723917454701e-06	0.000159794043647678	0	0.1075	0.0611	0.0611	TRUE	0.0991
FBgn0004108	758	341	394	1432	686	800	381	533	562	731	960	979	691.16	492	890	1.816	0.861	4.553	5.28788252963835e-06	0.000161101772473914	0.0328	0.0175	0.024	0.024	TRUE	0.4937
FBgn0263916	3336	1022	1208	4234	1781	2174	1678	1598	1722	2162	2493	2661	2052.41	1666	2439	1.462	0.548	4.547	5.45236623531086e-06	0.000165553665690348	0.0054	0.014	0.0099	0.0099	TRUE	0.123
FBgn0001124	1821	693	787	2778	1193	1377	916	1084	1122	1419	1670	1685	1315.94	1041	1591	1.532	0.615	4.513	6.39322149874964e-06	0.00019154176570008	0.0099	0.015	0.0125	0.0125	TRUE	0.1399
FBgn0260933	1240	465	438	1763	759	874	624	727	624	900	1063	1070	834.64	658	1011	1.535	0.619	4.507	6.58319602245079e-06	0.000196580336855832	0.0075	0.0165	0.0122	0.0122	TRUE	0.1158
FBgn0039485	76	18	29	186	70	66	38	28	41	95	98	81	63.58	36	91	2.517	1.331	4.484	7.3102454327662e-06	0.000216143584631756	0	0.0695	0.0432	0.0432	TRUE	0.1651
FBgn0267727	9357	3195	3440	12043	4958	5706	4707	4997	4903	6150	6941	6984	5780.2	4869	6692	1.374	0.459	4.475	7.63709469024186e-06	0.000225069672930069	0.0027	0.0128	0.0074	0.0074	TRUE	0.062
FBgn0020255	10036	3316	4055	13903	5439	5960	5048	5186	5779	7100	7614	7295	6337.09	5338	7336	1.375	0.459	4.466	7.98345662947962e-06	0.000234510787897874	0.003	0.0128	0.0074	0.0074	TRUE	0.0634
FBgn0087007	197	64	77	353	139	157	99	100	110	180	195	192	145.99	103	189	1.837	0.878	4.463	8.09346411380681e-06	0.000236336068403049	0	0.0371	0.0199	0.0199	TRUE	0.0277
FBgn0035623	494	164	197	833	288	328	248	257	281	425	403	401	335.96	262	410	1.574	0.654	4.439	9.04260038511361e-06	0.000263052162170821	0	0.023	0.0123	0.0123	TRUE	0.0415
FBgn0001257	18658	5107	5297	23574	8159	9989	9385	7988	7549	12038	11422	12226	10101.44	8307	11895	1.431	0.517	4.436	9.17417401546135e-06	0.000265891719161856	0.0071	0.0125	0.0097	0.0097	TRUE	0.1587
FBgn0010097	129	47	56	248	109	160	65	74	80	127	153	196	115.55	73	159	2.183	1.126	4.4	1.08437716498567e-05	0.000310441691233041	0.0268	0.0437	0.0364	0.0364	TRUE	0.2092
FBgn0050035	1993	766	773	2847	1274	1421	1002	1198	1102	1454	1783	1739	1379.81	1101	1659	1.508	0.593	4.395	1.10950251090162e-05	0.000315630714300026	0.0096	0.0148	0.0123	0.0123	TRUE	0.1461
FBgn0003447	43	14	21	147	44	55	22	22	30	75	62	67	46.24	25	68	2.839	1.505	4.386	1.1540953392826e-05	0.000327284017913538	0	0.091	0.0555	0.0555	TRUE	0.1688
FBgn0025678	15325	5618	6617	22118	9336	10826	7709	8787	9430	11295	13070	13251	10590.2	8642	12539	1.451	0.537	4.382	1.17680444856141e-05	0.000331638203660213	0.0086	0.0125	0.0107	0.0107	TRUE	0.1101
FBgn0030318	4078	1239	1395	5015	2113	2267	2051	1938	1988	2561	2958	2775	2378.5	1992	2765	1.385	0.47	4.382	1.1735808121199e-05	0.000331638203660213	0.0028	0.0137	0.0078	0.0078	TRUE	0.0518
FBgn0013765	4722	1549	1592	6747	2227	2531	2375	2423	2269	3445	3118	3098	2787.96	2356	3220	1.368	0.452	4.379	1.1914620569415e-05	0.000334722891884686	0.0018	0.0135	0.0073	0.0073	TRUE	0.0466
FBgn0026189	20949	7023	6703	29648	10276	10931	10538	10984	9553	15140	14385	13379	12329.99	10358	14301	1.381	0.466	4.363	1.28352521176838e-05	0.000357247850608867	0.0043	0.0125	0.0081	0.0081	TRUE	0.0562
FBgn0266176	0	0	0	16	4	34	0	0	0	8	6	42	9.23	0	19	95.845	6.583	4.363	1.28017558954449e-05	0.000357247850608867	1.4212	0.4068	0.612	0.612	TRUE	5.0408
FBgn0032420	198	59	68	381	113	153	100	92	97	195	158	187	138.14	96	180	1.872	0.905	4.347	1.37787737307702e-05	0.000381156384981859	0	0.0386	0.0228	0.0228	TRUE	0.1079
FBgn0014869	2450	844	982	3303	1590	1715	1232	1320	1400	1687	2226	2099	1660.61	1317	2004	1.52	0.604	4.334	1.46469468811836e-05	0.000398325033949479	0.011	0.0144	0.0133	0.0133	TRUE	0.2385
FBgn0015777	1892	606	592	2796	892	1045	952	948	844	1428	1249	1279	1116.47	915	1319	1.443	0.529	4.334	1.46551119377888e-05	0.000398325033949479	0.0041	0.0154	0.0097	0.0097	TRUE	0.066
FBgn0039844	827	320	296	1491	463	536	416	500	422	761	648	656	567.33	446	688	1.554	0.636	4.334	1.46644390409433e-05	0.000398325033949479	0.0076	0.0186	0.0135	0.0135	TRUE	0.1222
FBgn0027597	631	206	259	941	380	445	317	322	369	481	532	545	427.65	336	519	1.545	0.627	4.304	1.68062551956375e-05	0.000451067884982914	0.0036	0.0207	0.0126	0.0126	TRUE	0.0779
FBgn0259111	3828	1522	1460	5525	2334	2611	1926	2380	2081	2821	3267	3196	2611.9	2129	3095	1.455	0.541	4.284	1.83228032606269e-05	0.000487418996472961	0.0083	0.0136	0.011	0.011	TRUE	0.1278
FBgn0010894	271	73	78	587	152	164	136	114	111	300	213	201	179.16	120	238	1.97	0.978	4.269	1.96507200400593e-05	0.000516647793939518	0.0293	0.0325	0.0311	0.0311	TRUE	0.6347
FBgn0010314	517	165	177	960	301	293	260	258	252	490	421	359	340.1	257	423	1.655	0.727	4.266	1.99326342631934e-05	0.000519515883773059	0.0114	0.0229	0.0175	0.0175	TRUE	0.1465
FBgn0000299	78910	30319	28629	107860	53135	51962	39692	47421	40801	55080	74384	63601	53496.63	42638	64355	1.509	0.594	4.263	2.0135713569651e-05	0.000522336213070069	0.0161	0.0123	0.014	0.014	TRUE	0.176
FBgn0086355	5601	2297	2402	8112	4315	5003	2817	3593	3423	4143	6041	6124	4356.67	3278	5436	1.659	0.73	4.263	2.01566868649794e-05	0.000522336213070069	0.0286	0.013	0.0209	0.0209	TRUE	0.5324
FBgn0036316	6115	2251	2628	9138	3454	4008	3076	3521	3745	4666	4835	4906	4124.9	3447	4802	1.394	0.48	4.25	2.14074288622207e-05	0.000550006249229364	0.0048	0.0131	0.0089	0.0089	TRUE	0.111
FBgn0034067	170	69	80	329	145	174	86	108	114	168	203	213	148.57	103	195	1.917	0.939	4.234	2.29856934053459e-05	0.000587209583936004	0.0154	0.0367	0.0273	0.0273	TRUE	0.2799
FBgn0000447	1043	322	410	1618	536	627	525	504	584	826	750	767	659.44	538	781	1.457	0.543	4.211	2.54778954175247e-05	0.000647210312324612	0.0022	0.0177	0.0103	0.0103	TRUE	0.0623
FBgn0063667	8	1	4	42	20	25	4	2	6	21	28	31	15.22	4	27	6.851	2.776	4.204	2.62551806615589e-05	0.000665082076421175	0	0.2515	0.1637	0.1637	TRUE	0.2754
FBgn0031461	918	311	314	1292	528	525	462	486	448	660	739	643	572.87	465	681	1.462	0.548	4.166	3.10204604625909e-05	0.000774910006791258	0.0016	0.0185	0.0105	0.0105	TRUE	0.0629
FBgn0033777	1654	531	553	2492	810	879	832	831	788	1273	1134	1076	988.83	817	1161	1.423	0.509	4.157	3.21823436957483e-05	0.000801713744332205	0.0038	0.0159	0.0097	0.0097	TRUE	0.0897
FBgn0037844	412	131	139	591	255	262	207	205	198	302	357	321	264.95	203	327	1.596	0.675	4.154	3.26919458421192e-05	0.000809933976934701	0	0.0259	0.0147	0.0147	TRUE	0.0717
FBgn0011710	4462	1486	1585	5655	2210	2463	2244	2324	2259	2888	3094	3015	2637.3	2276	2999	1.317	0.398	4.148	3.36089528657068e-05	0.000823602002562347	6e-04	0.0136	0.0062	0.0062	TRUE	0.0131
FBgn0051361	2356	861	806	3220	1238	1418	1185	1347	1149	1644	1733	1736	1465.58	1227	1704	1.39	0.475	4.145	3.40528517957599e-05	0.000832218475593937	0.0031	0.0147	0.0087	0.0087	TRUE	0.0833
FBgn0085446	7208	2348	2208	8649	3689	4274	3626	3672	3147	4417	5164	5231	4209.54	3482	4937	1.417	0.503	4.142	3.44834891153472e-05	0.000840465148222164	0.0073	0.013	0.0104	0.0104	TRUE	0.1052
FBgn0033368	107	24	30	187	76	86	54	38	43	95	106	105	73.54	45	102	2.223	1.153	4.135	3.54998543574849e-05	0.0008629048156221	0	0.0617	0.0392	0.0392	TRUE	0.3605
FBgn0039876	396	130	133	637	207	262	199	203	190	325	290	321	254.64	197	312	1.584	0.664	4.127	3.67866963050261e-05	0.000886541645099105	0	0.0265	0.0142	0.0142	TRUE	0.0398
FBgn0063491	1684	543	645	2240	874	1128	847	849	919	1144	1224	1381	1060.61	872	1250	1.432	0.518	4.126	3.68655042040546e-05	0.000886541645099105	0.005	0.0156	0.0103	0.0103	TRUE	0.1013
FBgn0035390	1957	604	693	2592	983	1036	984	945	988	1324	1376	1268	1147.42	972	1323	1.359	0.443	4.105	4.03667017368605e-05	0.000963233260998318	0	0.0154	0.0074	0.0074	TRUE	0.0149
FBgn0011606	2872	1023	1013	3726	1587	1742	1445	1600	1444	1903	2222	2132	1790.83	1496	2086	1.394	0.479	4.101	4.1185438456962e-05	0.00097997436412898	0.0041	0.0142	0.0092	0.0092	TRUE	0.0736
FBgn0037850	491	180	211	770	324	368	247	282	301	393	454	450	354.4	277	432	1.57	0.651	4.093	4.25904885908586e-05	0.00101073954240096	0.0066	0.0225	0.015	0.015	TRUE	0.1174
FBgn0000490	318	114	98	512	208	202	160	178	140	261	291	247	212.97	159	266	1.672	0.742	4.072	4.65688894256001e-05	0.00109936713308917	0.0015	0.0293	0.0185	0.0185	TRUE	0.0993
FBgn0022702	330	180	180	689	350	413	166	282	257	352	490	506	341.9	235	449	1.928	0.947	4.071	4.67859767451047e-05	0.00110160819396176	0.0539	0.0228	0.0354	0.0354	TRUE	0.8342
FBgn0250785	2059	774	840	2928	1191	1405	1036	1211	1197	1495	1667	1720	1387.61	1148	1627	1.42	0.506	4.064	4.81945011490666e-05	0.00113181773792261	0.006	0.0148	0.0103	0.0103	TRUE	0.0935
FBgn0041604	539	161	171	820	282	299	271	252	244	419	395	366	324.36	256	393	1.535	0.619	4.053	5.05625339410786e-05	0.00118127702352499	0	0.0234	0.0133	0.0133	TRUE	0.042
FBgn0001091	5416	2367	2541	8292	4353	5139	2724	3702	3621	4234	6094	6290	4444.35	3349	5539	1.654	0.726	4.044	5.25323058244358e-05	0.00122412489386244	0.0337	0.013	0.023	0.023	TRUE	0.5218
FBgn0037678	27	16	9	76	52	51	14	25	13	39	73	62	37.58	17	58	3.446	1.785	4.038	5.39262299285239e-05	0.00125336789045214	0.0839	0.1091	0.0995	0.0995	TRUE	0.3308
FBgn0031268	164	67	57	350	106	135	82	105	81	179	148	165	126.81	89	164	1.861	0.896	4.036	5.43601263118165e-05	0.0012602046762981	0.0052	0.0409	0.0263	0.0263	TRUE	0.1688
FBgn0000565	1010	306	397	1314	603	760	508	479	566	671	844	930	666.3	518	815	1.571	0.652	4.03	5.57079210655847e-05	0.00128156640859552	0.0164	0.0177	0.0171	0.0171	TRUE	0.3015
FBgn0027836	4794	1844	2027	6591	3242	3769	2411	2884	2889	3366	4539	4613	3450.31	2728	4173	1.53	0.613	4.019	5.83992859830449e-05	0.0013366618299368	0.0187	0.0132	0.0164	0.0164	TRUE	0.3526
FBgn0032820	532	176	202	773	296	353	268	275	288	395	414	432	345.32	277	414	1.495	0.58	4.013	6.00417073768683e-05	0.00136731342708232	0	0.0227	0.0118	0.0118	TRUE	0.0212
FBgn0005660	371	158	152	609	275	310	187	247	217	311	385	379	287.63	217	358	1.662	0.733	4.003	6.2425522366026e-05	0.00141801854079804	0.0142	0.0248	0.0201	0.0201	TRUE	0.1957
FBgn0029506	19265	5855	7098	31269	9045	10279	9690	9158	10116	15968	12662	12581	11695.9	9655	13737	1.423	0.509	4.002	6.28083421212255e-05	0.00142312972173169	0.011	0.0125	0.0116	0.0116	TRUE	0.2477
FBgn0033926	22991	6962	6569	27528	10708	11891	11565	10889	9362	14058	14990	14554	12569.64	10605	14534	1.37	0.454	3.996	6.44468490641688e-05	0.00144572558423053	0.0061	0.0125	0.0092	0.0092	TRUE	0.1283
FBgn0261258	4250	1251	1152	5790	1874	2203	2138	1957	1642	2957	2623	2696	2335.47	1912	2759	1.442	0.528	3.996	6.44458137767658e-05	0.00144572558423053	0.01	0.0137	0.0121	0.0121	TRUE	0.1831
FBgn0261563	2756	1209	1064	4451	1827	1863	1386	1891	1516	2273	2558	2280	1984.09	1598	2370	1.486	0.571	3.987	6.69952690892076e-05	0.00149176132505302	0.015	0.014	0.0142	0.0142	TRUE	0.3057
FBgn0032078	7761	2687	2954	9872	4058	4701	3904	4203	4210	5041	5681	5754	4798.75	4106	5492	1.338	0.42	3.979	6.92509614787399e-05	0.00153819007540708	0.0031	0.0129	0.0078	0.0078	TRUE	0.0639
FBgn0259734	480	185	157	751	272	331	241	289	224	384	381	405	320.66	251	390	1.555	0.637	3.973	7.09382837448755e-05	0.00156411110711806	0.0019	0.0235	0.015	0.015	TRUE	0.1643
FBgn0032105	964	333	392	1374	559	613	485	521	559	702	783	750	633.15	522	745	1.431	0.517	3.96	7.4895643398791e-05	0.00164333068654573	0.003	0.0179	0.0105	0.0105	TRUE	0.0504
FBgn0038815	263	90	90	468	157	167	132	141	128	239	220	204	177.42	134	221	1.662	0.733	3.949	7.85296332451577e-05	0.00171058027199235	0	0.0327	0.0184	0.0184	TRUE	0.0648
FBgn0050185	789	224	275	1054	401	449	397	350	392	538	561	550	464.72	380	550	1.441	0.527	3.932	8.43631949577033e-05	0.00182442995714285	0	0.02	0.0106	0.0106	TRUE	0.047
FBgn0033438	2319	786	720	3109	1084	1309	1166	1229	1026	1588	1518	1602	1354.89	1140	1569	1.376	0.46	3.92	8.87062491471767e-05	0.00190012578339487	0.0034	0.0149	0.0091	0.0091	TRUE	0.0879
FBgn0259246	539	248	226	906	437	439	271	388	322	463	612	537	432.14	327	537	1.65	0.723	3.917	8.96908627879919e-05	0.00191666398251685	0.0234	0.0206	0.0218	0.0218	TRUE	0.2053
FBgn0032436	13	6	4	62	31	18	7	9	6	32	43	22	19.79	7	32	4.566	2.191	3.902	9.54948024655331e-05	0.00202153081839009	0	0.1963	0.1376	0.1376	TRUE	0.0829
FBgn0028434	125	25	50	236	83	104	63	39	71	121	116	127	89.54	58	121	2.076	1.054	3.886	0.000101738201488563	0.00213366302563689	0.0017	0.0529	0.0394	0.0394	TRUE	0.4809
FBgn0052939	210	70	89	776	81	350	106	109	127	396	113	428	213.34	114	312	2.757	1.463	3.887	0.00010155447279421	0.00213366302563689	0.2197	0.0293	0.0954	0.0954	TRUE	3.2467
FBgn0031769	2285	765	822	2956	1140	1253	1149	1197	1171	1510	1596	1534	1359.41	1172	1547	1.319	0.4	3.881	0.00010416257414167	0.0021794387322728	0	0.0149	0.0068	0.0068	TRUE	0.0092
FBgn0024177	681	175	268	1093	385	384	343	274	382	558	539	470	427.56	333	522	1.568	0.649	3.877	0.000105669614669897	0.00220585320623409	0.0138	0.0207	0.0175	0.0175	TRUE	0.24
FBgn0011592	856	265	275	1271	430	445	431	414	392	649	602	545	505.44	412	599	1.452	0.538	3.852	0.000117101411633788	0.00242460948242367	0.0039	0.0194	0.0118	0.0118	TRUE	0.0725
FBgn0029975	4492	1440	1886	6160	2417	2667	2260	2252	2688	3146	3384	3264	2832.21	2400	3265	1.361	0.444	3.832	0.000127093710804766	0.00259893669849745	0.0055	0.0135	0.0093	0.0093	TRUE	0.1316
FBgn0003886	465	211	236	772	413	546	234	330	336	394	578	668	423.49	300	547	1.828	0.87	3.831	0.000127578487418437	0.00260294751027029	0.0539	0.0208	0.0343	0.0343	TRUE	0.3329
FBgn0031489	1615	612	703	2417	949	1079	812	957	1002	1234	1329	1321	1109.16	924	1295	1.405	0.491	3.828	0.00012935784975746	0.00261558091729322	0.0061	0.0155	0.0108	0.0108	TRUE	0.1441
FBgn0027843	1269	368	515	1801	647	773	638	576	734	920	906	946	786.57	649	924	1.423	0.509	3.822	0.00013238289892706	0.00266479683599157	0.0046	0.0168	0.0113	0.0113	TRUE	0.1417
FBgn0051460	377	98	149	673	203	233	190	153	212	344	284	285	244.72	185	304	1.647	0.72	3.804	0.000142273844933738	0.00284484597253315	0.0127	0.0271	0.0211	0.0211	TRUE	0.1996
FBgn0029664	1026	329	381	1522	481	608	516	515	543	777	673	744	628.07	525	731	1.399	0.484	3.786	0.000153385317381963	0.00302675884496836	0.002	0.018	0.01	0.01	TRUE	0.0549
FBgn0261444	1210	456	370	1663	680	746	609	713	527	849	952	913	760.57	616	905	1.468	0.553	3.781	0.000156336054653744	0.00307825008923028	0.0101	0.017	0.0139	0.0139	TRUE	0.2033
FBgn0051116	257	88	100	428	159	173	129	138	143	219	223	212	177.05	137	218	1.603	0.681	3.773	0.00016153030713282	0.00317359544602129	0	0.0328	0.0171	0.0171	TRUE	0.0294
FBgn0026179	795	274	244	1045	466	464	400	429	348	534	652	568	488.35	392	585	1.486	0.572	3.749	0.000177368058705132	0.00343241449228085	0.0077	0.0196	0.0144	0.0144	TRUE	0.1163
FBgn0037213	852	324	285	1204	451	593	429	507	406	615	631	726	552.25	447	657	1.472	0.558	3.747	0.00017863762449013	0.0034422096103675	0.0083	0.0188	0.0139	0.0139	TRUE	0.143
FBgn0001206	1027	322	356	1302	522	582	517	504	507	665	731	712	605.93	509	703	1.376	0.46	3.73	0.000191323440455512	0.0036554126822623	0	0.0182	0.0091	0.0091	TRUE	0.0286
FBgn0250867	1028	231	284	1948	468	496	517	361	405	995	655	607	590.03	428	752	1.756	0.813	3.73	0.000191120036641836	0.0036554126822623	0.0544	0.0184	0.0322	0.0322	TRUE	0.9716
FBgn0035173	789	312	263	1187	440	500	397	488	375	606	616	612	515.63	420	611	1.461	0.547	3.727	0.00019391454782157	0.0036892856376686	0.0053	0.0192	0.0133	0.0133	TRUE	0.2101
FBgn0036560	18	4	5	74	14	32	9	6	7	38	20	39	19.83	7	32	4.198	2.07	3.701	0.000214532856908111	0.00404624187610484	0	0.1959	0.142	0.142	TRUE	0.6295
FBgn0265140	9365	3136	3029	11362	4394	4965	4711	4905	4317	5802	6151	6077	5327.15	4644	6010	1.294	0.372	3.701	0.0002149201440069	0.00404624187610484	0.0023	0.0129	0.0071	0.0071	TRUE	0.0456
FBgn0026150	1539	546	606	2119	810	917	774	854	864	1082	1134	1122	971.7	831	1113	1.343	0.425	3.699	0.000216195654327731	0.00405345973343047	0.0015	0.0159	0.0084	0.0084	TRUE	0.0466
FBgn0031245	288	93	128	496	174	206	145	145	182	253	244	252	203.63	157	250	1.595	0.674	3.698	0.000217360174974399	0.00405828997498784	0.0015	0.0301	0.0184	0.0184	TRUE	0.1782
FBgn0035710	20	3	5	61	22	25	10	5	7	31	31	31	19.07	7	31	3.951	1.982	3.674	0.000238620214175126	0.00442773064080512	0	0.2032	0.1266	0.1266	TRUE	0.604
FBgn0030305	816	259	328	1175	491	463	410	405	467	600	687	567	522.85	427	618	1.445	0.531	3.672	0.000240743666016536	0.00444882454946132	0.0054	0.0192	0.0129	0.0129	TRUE	0.1061
FBgn0263118	679	200	212	928	317	374	342	313	302	474	444	458	388.66	319	459	1.433	0.519	3.662	0.000249848339825085	0.0045982292419237	0	0.0216	0.0116	0.0116	TRUE	0.0521
FBgn0013997	3140	1141	1081	4552	1644	1645	1579	1785	1541	2325	2301	2013	1924.02	1635	2213	1.355	0.439	3.656	0.000256001102005687	0.00468279500585656	0.0055	0.0141	0.0098	0.0098	TRUE	0.0747
FBgn0051219	2643	988	1190	4944	1440	1673	1329	1545	1696	2525	2016	2048	1859.84	1523	2196	1.446	0.532	3.656	0.000255764552991401	0.00468279500585656	0.0149	0.0141	0.0146	0.0146	TRUE	0.2115
FBgn0038545	127	26	41	278	70	85	64	41	58	142	98	104	84.5	54	115	2.094	1.066	3.654	0.000258005074472339	0.00470038335675061	0.0345	0.0553	0.047	0.047	TRUE	0.508
FBgn0034029	855	256	322	1280	404	491	430	400	459	654	566	601	518.26	430	607	1.415	0.501	3.64	0.00027305537824183	0.00494460522286109	0.003	0.0192	0.0115	0.0115	TRUE	0.058
FBgn0016032	578	247	283	1020	415	437	291	386	403	521	581	535	452.85	360	546	1.526	0.61	3.623	0.000291768466606692	0.00524137058139273	0.015	0.0202	0.0179	0.0179	TRUE	0.3739
FBgn0010786	6153	2387	2546	8308	3718	4113	3095	3733	3628	4243	5205	5034	4156.44	3485	4827	1.385	0.47	3.615	0.000300765516789048	0.00537363218898102	0.0101	0.0131	0.0119	0.0119	TRUE	0.1385
FBgn0085354	226	62	98	350	142	185	114	97	140	179	199	226	159.05	117	201	1.717	0.78	3.608	0.000308234534433736	0.00547176974709337	0.013	0.0351	0.0264	0.0264	TRUE	0.241
FBgn0035113	190	61	65	292	117	134	96	95	93	149	164	164	126.76	95	159	1.673	0.743	3.597	0.000321304836492754	0.00565923245213214	0	0.0409	0.0218	0.0218	TRUE	0.0379
FBgn0038804	172	50	61	256	115	124	87	78	87	131	161	152	115.86	84	148	1.743	0.801	3.597	0.000321304264728998	0.00565923245213214	0	0.0436	0.0258	0.0258	TRUE	0.1299
FBgn0033268	111	40	52	202	86	119	56	63	74	103	120	146	93.62	64	123	1.928	0.947	3.589	0.000332421244537809	0.00583224666000382	0.0192	0.0511	0.0374	0.0374	TRUE	0.1878
FBgn0001197	6324	1826	2250	7716	2814	3248	3181	2856	3207	3940	3939	3976	3516.46	3081	3952	1.282	0.358	3.587	0.000334966173930992	0.00586548535244599	0.0016	0.0132	0.0069	0.0069	TRUE	0.0484
FBgn0036764	5141	2010	2446	7871	3137	3667	2586	3144	3486	4019	4392	4488	3685.84	3072	4300	1.401	0.486	3.585	0.000337137897878938	0.00589207279665167	0.0122	0.0132	0.013	0.013	TRUE	0.2382
FBgn0263093	548	182	157	765	288	306	276	285	224	391	403	375	325.41	262	390	1.486	0.571	3.583	0.000340162808305598	0.00593343946866514	0.0023	0.0234	0.0149	0.0149	TRUE	0.1573
FBgn0021795	3442	1200	1489	4663	1930	2224	1731	1877	2122	2381	2702	2722	2255.92	1910	2602	1.363	0.447	3.577	0.000347251663636429	0.00603374856006419	0.0074	0.0138	0.0107	0.0107	TRUE	0.1135
FBgn0040070	6576	1943	2525	8463	3042	3559	3308	3039	3599	4322	4259	4356	3813.63	3315	4312	1.301	0.379	3.577	0.000347107530493997	0.00603374856006419	0.0032	0.0131	0.0078	0.0078	TRUE	0.0663
FBgn0032026	4132	1540	1590	5722	2145	2332	2078	2409	2266	2922	3003	2854	2588.71	2251	2926	1.302	0.381	3.574	0.000351078430125806	0.00607422968114125	0.0024	0.0136	0.0077	0.0077	TRUE	0.0568
FBgn0040308	1268	369	470	1770	593	683	638	577	670	904	830	836	742.46	628	857	1.364	0.448	3.574	0.000352117600796365	0.00607422968114125	0.0019	0.0171	0.0098	0.0098	TRUE	0.0536
FBgn0086357	7333	2671	3166	9928	4137	4837	3689	4178	4512	5070	5791	5920	4860	4126	5594	1.356	0.44	3.574	0.000351648837491175	0.00607422968114125	0.0081	0.0129	0.0107	0.0107	TRUE	0.1069
FBgn0261989	11	6	3	74	17	17	6	9	4	38	24	21	16.93	6	28	4.507	2.172	3.573	0.000352275684546116	0.00607422968114125	0	0.2273	0.1639	0.1639	TRUE	0.9673
FBgn0034793	742	259	360	1165	446	603	373	405	513	595	624	738	541.46	430	652	1.52	0.604	3.564	0.000364649916648038	0.00627559722964124	0.0183	0.0189	0.0186	0.0186	TRUE	0.3165
FBgn0265274	69	17	26	140	50	59	35	27	37	71	70	72	52.01	33	71	2.152	1.106	3.545	0.00039201003072971	0.00669535313848584	0	0.0822	0.0468	0.0468	TRUE	0.1208
FBgn0036688	491	186	237	730	371	423	247	291	338	373	519	518	380.93	292	470	1.612	0.689	3.526	0.000421279705857731	0.00716811393853777	0.028	0.0217	0.0245	0.0245	TRUE	0.4109
FBgn0036641	299	117	151	554	201	242	150	183	215	283	281	296	234.85	183	287	1.587	0.666	3.52	0.00043144758255458	0.00728613164696106	0.0121	0.0277	0.021	0.021	TRUE	0.3263
FBgn0030456	1108	391	408	1455	581	654	557	612	581	743	813	800	684.53	583	785	1.347	0.43	3.498	0.000468917141366577	0.00784544486241891	0	0.0175	0.0093	0.0093	TRUE	0.029
FBgn0259741	34	13	12	102	35	32	17	20	17	52	49	39	32.46	18	47	2.614	1.386	3.496	0.000472813520110339	0.00788201239995677	0	0.1244	0.0731	0.0731	TRUE	0.1448
FBgn0003884	50760	22632	26047	77186	40297	45990	25533	35398	37121	39416	56412	56291	41695.25	32684	50706	1.551	0.634	3.493	0.000478429363278296	0.00794562798903071	0.0369	0.0123	0.0237	0.0237	TRUE	0.4649
FBgn0031738	2056	646	608	2847	916	1023	1034	1010	866	1454	1282	1252	1149.9	970	1329	1.37	0.454	3.492	0.000480195837054045	0.00796030525469371	0.0064	0.0154	0.0112	0.0112	TRUE	0.1016
FBgn0032956	5390	1339	1409	8654	2312	2382	2711	2094	2008	4419	3237	2916	2897.5	2271	3524	1.551	0.633	3.486	0.000490113117945981	0.00810626369779172	0.039	0.0134	0.0234	0.0234	TRUE	0.6063
FBgn0262081	13238	4792	4428	16807	6630	7132	6659	7495	6311	8583	9281	8730	7843.01	6822	8865	1.3	0.378	3.486	0.000490798400864302	0.00810626369779172	0.0047	0.0126	0.0083	0.0083	TRUE	0.09
FBgn0037028	562	141	188	782	244	362	283	221	268	399	342	443	325.86	257	395	1.527	0.611	3.483	0.000495315332094697	0.00815224204889923	0.0123	0.0234	0.0187	0.0187	TRUE	0.1544
FBgn0038261	22	15	9	68	40	39	11	23	13	35	56	48	30.97	16	46	3.024	1.596	3.481	0.000500352651820173	0.008218907493833	0.0634	0.1298	0.1048	0.1048	TRUE	0.3895
FBgn0030662	1290	513	516	1754	787	923	649	802	735	896	1102	1130	885.63	729	1043	1.432	0.518	3.477	0.00050764745813632	0.00831910619587648	0.0129	0.0163	0.0147	0.0147	TRUE	0.1905
FBgn0037607	7519	3023	3381	10166	5190	5956	3782	4728	4818	5191	7266	7290	5512.63	4443	6582	1.482	0.567	3.476	0.000509220073200689	0.00831910619587648	0.0248	0.0128	0.019	0.019	TRUE	0.42
FBgn0023477	2535	1012	1177	3644	1647	1936	1275	1583	1677	1861	2306	2370	1845.26	1512	2179	1.443	0.529	3.473	0.000514849541414396	0.00838070968316791	0.0169	0.0142	0.0161	0.0161	TRUE	0.235
FBgn0250906	3546	1565	1768	5504	2582	2991	1784	2448	2520	2811	3615	3661	2806.22	2251	3362	1.495	0.58	3.465	0.000531190099266755	0.00860012982978025	0.0258	0.0135	0.0198	0.0198	TRUE	0.4081
FBgn0034259	1554	484	608	2083	725	930	782	757	866	1064	1015	1138	937.02	802	1072	1.339	0.421	3.462	0.000535502302780031	0.00865440818363857	0.0026	0.0161	0.0094	0.0094	TRUE	0.0559
FBgn0037240	3382	973	937	4542	1416	1637	1701	1522	1335	2319	1982	2004	1810.63	1519	2102	1.382	0.467	3.457	0.000546472799341837	0.00880016375797265	0.0104	0.0142	0.0125	0.0125	TRUE	0.1372
FBgn0261109	441	200	226	799	334	366	222	313	322	408	468	448	363.38	286	441	1.558	0.64	3.454	0.000551701124266743	0.00885595671725773	0.0207	0.0222	0.0216	0.0216	TRUE	0.5009
FBgn0264305	1882	734	695	2738	950	1138	947	1148	990	1398	1330	1393	1201.03	1028	1374	1.34	0.422	3.454	0.000551901494244715	0.00885595671725773	0.0044	0.0152	0.0098	0.0098	TRUE	0.1196
FBgn0034249	867	254	360	1138	489	556	436	397	513	581	685	681	548.78	449	649	1.442	0.528	3.451	0.000557575897204721	0.00893111801241949	0.0099	0.0188	0.0148	0.0148	TRUE	0.167
FBgn0063494	2844	797	1007	4007	1231	1448	1431	1247	1435	2046	1723	1772	1609.02	1371	1847	1.348	0.431	3.429	0.00060575891690622	0.00961748928285263	0.0066	0.0144	0.0107	0.0107	TRUE	0.1104
FBgn0034013	2507	954	925	3242	1374	1551	1261	1492	1318	1656	1923	1898	1591.48	1357	1826	1.346	0.429	3.427	0.000609459092168551	0.00965923039222494	0.0063	0.0145	0.0106	0.0106	TRUE	0.0888
FBgn0014163	7491	2304	2288	10429	3061	3797	3768	3604	3261	5326	4285	4647	4148.46	3544	4753	1.341	0.424	3.413	0.000642080323931445	0.0101583865986207	0.0085	0.0131	0.0108	0.0108	TRUE	0.137
FBgn0035539	28	3	5	53	23	39	14	5	7	27	32	48	22.15	9	36	3.749	1.907	3.402	0.000670162182955976	0.0105471598008674	0.1166	0.1766	0.1553	0.1553	TRUE	1.3593
FBgn0002543	1431	636	536	2173	906	954	720	995	764	1110	1268	1168	1004.02	826	1182	1.434	0.52	3.391	0.000697087453059802	0.0109137754369675	0.0167	0.0158	0.0158	0.0158	TRUE	0.3668
FBgn0035091	775	187	255	1101	358	389	390	292	363	562	501	476	430.88	348	513	1.467	0.552	3.383	0.000717850795036314	0.0112126306255352	0.0115	0.0206	0.0166	0.0166	TRUE	0.2074
FBgn0035523	78	10	23	179	65	41	39	16	33	91	91	50	53.37	29	77	2.577	1.366	3.382	0.000718662730268278	0.0112126306255352	0.116	0.0804	0.0926	0.0926	TRUE	0.8441
FBgn0031148	3835	1450	1835	5184	2601	3261	1929	2268	2615	2647	3641	3991	2848.67	2271	3426	1.509	0.594	3.37	0.0007513656559444	0.0115628250602502	0.0316	0.0135	0.022	0.022	TRUE	0.4875
FBgn0031688	42	5	16	116	40	30	21	8	23	59	56	37	33.95	17	51	2.86	1.516	3.362	0.000773730807515717	0.0118463572532712	0.0746	0.1195	0.1061	0.1061	TRUE	0.6944
FBgn0264895	535	137	134	787	228	278	269	214	191	402	319	340	289.28	225	354	1.564	0.645	3.357	0.000789333232780274	0.012064757785106	0.02	0.0248	0.0227	0.0227	TRUE	0.3769
FBgn0039538	148	52	48	219	92	134	74	81	68	112	129	164	104.8	74	135	1.794	0.843	3.355	0.000793405391632574	0.0121064802398351	0.0179	0.0469	0.0344	0.0344	TRUE	0.3332
FBgn0035165	7476	2212	2609	9701	3092	3816	3760	3460	3718	4954	4329	4671	4148.61	3646	4651	1.276	0.351	3.352	0.000803091334268069	0.0122129471373178	0.0029	0.0131	0.0076	0.0076	TRUE	0.0445
FBgn0039651	84	44	35	181	83	81	42	69	50	92	116	99	78.12	54	102	1.948	0.962	3.34	0.000836312912429685	0.0125697830738182	0.0219	0.0588	0.0443	0.0443	TRUE	0.4246
FBgn0085339	1278	377	404	1527	602	648	643	590	576	780	843	793	703.99	603	805	1.33	0.411	3.337	0.000845743787591628	0.0126903784966744	0.0016	0.0174	0.0094	0.0094	TRUE	0.0446
FBgn0051324	1581	573	570	2249	801	839	795	896	812	1148	1121	1027	966.76	834	1099	1.321	0.401	3.336	0.000848890041301002	0.0127164292233429	0.0026	0.016	0.0093	0.0093	TRUE	0.0472
FBgn0039644	1845	618	669	2413	871	967	928	967	953	1232	1219	1184	1080.54	949	1212	1.278	0.354	3.336	0.000850711313589174	0.0127225781524829	0	0.0156	0.0071	0.0071	TRUE	0.0051
FBgn0039178	20	4	4	50	32	17	10	6	6	26	45	21	18.86	7	31	3.869	1.952	3.335	0.00085265364030723	0.0127305141196864	0.0914	0.2053	0.1617	0.1617	TRUE	0.6578
FBgn0000392	1055	324	341	1230	553	576	531	507	486	628	774	705	605.12	508	702	1.376	0.46	3.317	0.000910895791093094	0.0135552116238903	0.0056	0.0182	0.012	0.012	TRUE	0.1091
FBgn0259935	84	32	23	175	61	59	42	50	33	89	85	72	62.01	42	82	1.984	0.989	3.308	0.000939529338397247	0.0138896320879777	0.0024	0.0709	0.0453	0.0453	TRUE	0.1861
FBgn0030433	652	251	323	1075	414	467	328	393	460	549	580	572	480.17	394	567	1.449	0.535	3.303	0.0009561952976733	0.0140898189451272	0.0126	0.0198	0.0165	0.0165	TRUE	0.2812
FBgn0250837	3307	1156	1527	4526	2039	2182	1663	1808	2176	2311	2854	2671	2247.36	1882	2612	1.388	0.473	3.301	0.000962953322258009	0.0141431808796787	0.0148	0.0138	0.0143	0.0143	TRUE	0.2237
FBgn0031816	241	92	109	364	176	203	121	144	155	186	246	248	183.53	140	227	1.623	0.699	3.293	0.000990321117727008	0.0144744178924832	0.0189	0.032	0.0262	0.0262	TRUE	0.318
FBgn0004584	3570	1047	1196	4256	1531	1755	1796	1638	1704	2173	2143	2148	1933.76	1713	2155	1.257	0.33	3.282	0.00103216778339907	0.0149407529224604	7e-04	0.0141	0.0067	0.0067	TRUE	0.023
FBgn0052436	574	252	211	936	362	365	289	394	301	478	507	447	402.51	328	477	1.465	0.551	3.282	0.00103168436014402	0.0149407529224604	0.0125	0.0212	0.0175	0.0175	TRUE	0.3289
FBgn0041629	16928	7608	8741	25469	12968	15013	8515	11899	12457	13006	18154	18376	13734.6	10957	16512	1.507	0.592	3.28	0.0010372231893975	0.0149898697467735	0.0358	0.0124	0.0234	0.0234	TRUE	0.4667
FBgn0000928	933	398	407	1381	619	667	469	622	580	705	867	816	676.67	557	796	1.433	0.519	3.278	0.00104661961198747	0.0151014650574448	0.015	0.0176	0.0164	0.0164	TRUE	0.2458
FBgn0032881	363	102	124	536	165	222	183	160	177	274	231	272	215.88	173	259	1.494	0.579	3.27	0.00107474201670749	0.0154577727379077	0	0.0291	0.0175	0.0175	TRUE	0.089
FBgn0264343	56	8	8	222	29	29	28	13	11	113	41	35	40.26	17	63	3.526	1.818	3.266	0.00108974551993414	0.0156486068451689	0.3175	0.1027	0.1847	0.1847	TRUE	4.9878
FBgn0003888	10254	3923	4180	12590	6391	7461	5158	6136	5957	6429	8947	9132	6959.86	5750	8169	1.421	0.507	3.264	0.00109916264097784	0.0157146757926351	0.021	0.0127	0.0172	0.0172	TRUE	0.4267
FBgn0029970	228	70	70	337	113	151	115	109	100	172	158	185	139.84	108	172	1.582	0.662	3.264	0.00109951077624855	0.0157146757926351	0	0.0382	0.0217	0.0217	TRUE	0.0424
FBgn0033205	2732	920	1144	4061	1359	1504	1374	1439	1630	2074	1902	1841	1710.12	1481	1939	1.312	0.392	3.264	0.00109957423210831	0.0157146757926351	0.0051	0.0143	0.0097	0.0097	TRUE	0.0924
FBgn0020391	326	122	145	504	227	223	164	191	207	257	318	273	234.92	187	283	1.517	0.601	3.262	0.00110539084997043	0.0157728080459388	0.0098	0.0277	0.0197	0.0197	TRUE	0.1581
FBgn0000042	137826	45992	50736	155283	73363	83360	69328	71934	72307	79297	102702	102032	82933.36	71190	94677	1.33	0.411	3.253	0.00114296560694962	0.0162063896909932	0.0101	0.0122	0.0115	0.0115	TRUE	0.2475
FBgn0036272	1480	480	548	1777	755	856	744	751	781	907	1057	1048	881.39	759	1004	1.321	0.402	3.25	0.00115454217822756	0.0163448373049546	0.0036	0.0163	0.0097	0.0097	TRUE	0.0904
FBgn0265413	3676	1488	1874	6197	2219	2639	1849	2327	2671	3165	3106	3230	2724.71	2282	3167	1.39	0.475	3.247	0.00116449617203211	0.0163828806230665	0.016	0.0135	0.015	0.015	TRUE	0.3439
FBgn0052056	1663	676	764	2373	1019	1336	837	1057	1089	1212	1427	1635	1209.37	994	1425	1.435	0.521	3.238	0.00120529873689458	0.0168779254803033	0.0193	0.0152	0.0177	0.0177	TRUE	0.1627
FBgn0285925	625	202	198	839	307	329	314	316	282	428	430	403	362.24	304	420	1.38	0.465	3.235	0.00121737943025561	0.017000891689943	0	0.0222	0.0118	0.0118	TRUE	0.0408
FBgn0034950	143	51	49	245	85	101	72	80	70	125	119	124	98.21	74	123	1.669	0.739	3.228	0.00124535865381497	0.017314989933042	0	0.0493	0.0263	0.0263	TRUE	0.033
FBgn0002567	63	23	26	117	53	63	32	36	37	60	74	77	52.63	35	70	2.021	1.015	3.217	0.00129617404653471	0.0178729320361621	0	0.0814	0.0489	0.0489	TRUE	0.2075
FBgn0261244	2558	822	893	3073	1208	1292	1287	1286	1273	1569	1691	1581	1447.8	1282	1614	1.258	0.331	3.213	0.00131245128418445	0.0180697491309548	0	0.0147	0.0069	0.0069	TRUE	0.0205
FBgn0039788	18	2	8	67	20	19	9	3	11	34	28	23	18.18	8	28	3.546	1.826	3.211	0.00132179389685361	0.0181706362222955	0.0213	0.2126	0.1503	0.1503	TRUE	0.3514
FBgn0051216	2543	853	885	3566	1111	1322	1279	1334	1261	1821	1555	1618	1478.17	1291	1665	1.292	0.369	3.207	0.00134137763575567	0.0183838047404933	0.0035	0.0146	0.0088	0.0088	TRUE	0.0843
FBgn0017577	2199	772	875	2866	1159	1224	1106	1207	1247	1464	1622	1498	1357.47	1187	1528	1.289	0.366	3.204	0.00135529929804097	0.0185464174047549	0.0028	0.0149	0.0086	0.0086	TRUE	0.0458
FBgn0030344	2473	825	869	3185	1107	1269	1244	1290	1238	1626	1550	1553	1417.03	1257	1576	1.255	0.328	3.203	0.00135930204339267	0.0185730088292653	0	0.0148	0.0068	0.0068	TRUE	0.0098
FBgn0037896	107	41	35	188	69	85	54	64	50	96	97	104	77.41	56	99	1.776	0.829	3.201	0.00137070743511249	0.0187005138424273	0	0.0592	0.0335	0.0335	TRUE	0.0972
FBgn0025641	1174	491	457	1563	771	834	591	768	651	798	1079	1021	818.02	670	966	1.443	0.529	3.198	0.0013828089084392	0.0188371159158681	0.019	0.0166	0.0183	0.0183	TRUE	0.2889
FBgn0052803	504	155	212	754	249	331	254	242	302	385	349	405	322.81	266	380	1.432	0.518	3.198	0.00138539123336691	0.018843828269235	0.0043	0.0235	0.0154	0.0154	TRUE	0.1415
FBgn0001223	395	170	195	633	268	381	199	266	278	323	375	466	317.88	248	388	1.577	0.657	3.197	0.0013906321254314	0.0188582263265269	0.031	0.0236	0.0268	0.0268	TRUE	0.3034
FBgn0038043	591	194	238	743	342	426	297	303	339	379	479	521	386.58	313	460	1.464	0.55	3.195	0.00139900743827864	0.0189149161595154	0.0147	0.0216	0.0184	0.0184	TRUE	0.2991
FBgn0033153	457	152	155	597	234	279	230	238	221	305	328	341	277.08	230	325	1.411	0.496	3.188	0.00143479388602158	0.0193118974091681	0	0.0253	0.0135	0.0135	TRUE	0.0374
FBgn0032421	202	88	119	428	143	210	102	138	170	219	200	257	180.77	137	225	1.678	0.747	3.181	0.00146927015112938	0.0197464653098133	0.0346	0.0323	0.0333	0.0333	TRUE	0.4573
FBgn0053558	5667	1827	1702	6345	2811	2909	2851	2858	2426	3240	3935	3561	3144.94	2712	3579	1.318	0.399	3.174	0.00150095903094141	0.0201423341384369	0.0084	0.0133	0.011	0.011	TRUE	0.1017
FBgn0016075	54901	21873	21557	68705	37664	35669	27616	34211	30722	35085	52726	43659	37336.44	30850	43823	1.421	0.506	3.168	0.00153566376787983	0.0205469078022854	0.0259	0.0123	0.0184	0.0184	TRUE	0.1439
FBgn0011259	640	179	161	1050	282	302	322	280	229	536	395	370	355.33	277	434	1.563	0.644	3.159	0.00158415999731452	0.0211139796703854	0.031	0.0224	0.0267	0.0267	TRUE	0.528
FBgn0261555	160	49	47	246	93	97	80	77	67	126	130	119	99.77	75	125	1.658	0.729	3.159	0.00158507033010101	0.0211139796703854	0	0.0487	0.0271	0.0271	TRUE	0.0638
FBgn0039006	1069	357	360	1484	488	555	538	558	513	758	683	679	621.57	536	707	1.321	0.402	3.158	0.0015902949122934	0.0211523296741326	0.0019	0.018	0.0099	0.0099	TRUE	0.0511
FBgn0051909	2	3	0	85	11	2	1	5	0	43	15	2	11.16	2	20	12.209	3.61	3.154	0.00161174493548445	0.0214060616026492	1.2421	0.3386	0.6128	0.6128	TRUE	0.2129
FBgn0013720	562	190	244	764	325	391	283	297	348	390	455	479	375.22	309	441	1.428	0.514	3.15	0.00163232458275905	0.0216003571422326	0.0095	0.0219	0.0162	0.0162	TRUE	0.1318
FBgn0030343	2265	1008	936	3074	1542	1757	1139	1577	1334	1570	2159	2151	1654.81	1350	1960	1.453	0.539	3.135	0.0017157401938129	0.0224891643427394	0.0271	0.0144	0.0206	0.0206	TRUE	0.3744
FBgn0031538	287	116	149	454	214	269	144	181	212	232	300	329	233.14	179	287	1.607	0.684	3.131	0.00174216167021951	0.0228023424412766	0.0317	0.0278	0.0295	0.0295	TRUE	0.3798
FBgn0035932	42	5	17	86	39	36	21	8	24	44	55	44	32.63	18	48	2.591	1.374	3.13	0.00174728681468343	0.022836278977993	0.0212	0.1238	0.0985	0.0985	TRUE	0.7261
FBgn0029594	727	212	284	985	349	413	366	332	405	503	489	506	433.18	368	499	1.358	0.442	3.126	0.00177249804869625	0.0230874612704145	0	0.0206	0.0119	0.0119	TRUE	0.079
FBgn0035203	1162	459	537	1629	714	905	584	718	765	832	1000	1108	834.47	689	980	1.424	0.51	3.126	0.00177418614553085	0.0230874612704145	0.0193	0.0165	0.0178	0.0178	TRUE	0.2254
FBgn0037848	1004	367	416	1428	537	589	505	574	593	729	752	721	645.64	557	734	1.323	0.403	3.124	0.001783796458868	0.023145721533916	0.0028	0.0178	0.0103	0.0103	TRUE	0.0898
FBgn0264816	161	44	60	245	88	115	81	69	86	125	123	141	104.06	79	130	1.643	0.716	3.12	0.00180659872395949	0.0233074496318551	0	0.0472	0.0272	0.0272	TRUE	0.0777
FBgn0036449	3134	883	948	3757	1267	1507	1576	1381	1351	1919	1774	1845	1640.89	1436	1846	1.283	0.359	3.112	0.00185561649367539	0.0239056421999496	0.0035	0.0144	0.0089	0.0089	TRUE	0.0925
FBgn0003053	216	84	80	365	121	148	109	131	114	186	169	181	148.5	118	179	1.534	0.618	3.106	0.00189378710496908	0.0243278805022951	0	0.0367	0.021	0.021	TRUE	0.084
FBgn0040238	3221	1202	1197	4293	1534	1814	1620	1880	1706	2192	2147	2220	1961.03	1735	2186	1.262	0.336	3.102	0.00192318370320941	0.0246353276073047	0.0023	0.014	0.0079	0.0079	TRUE	0.0629
FBgn0034523	478	153	192	786	241	269	240	239	274	401	337	329	303.56	251	356	1.428	0.514	3.098	0.00194645453902492	0.0248980525289741	0.007	0.0242	0.0162	0.0162	TRUE	0.1576
FBgn0030467	1444	459	555	1834	706	766	726	718	791	937	988	938	849.61	745	954	1.281	0.357	3.079	0.00207970077335876	0.026340929177176	3e-04	0.0165	0.0084	0.0084	TRUE	0.0324
FBgn0034403	99	26	45	225	55	79	50	41	64	115	77	97	73.86	52	96	1.888	0.917	3.079	0.00207958281665545	0.026340929177176	0.0263	0.0615	0.048	0.048	TRUE	0.1383
FBgn0039125	1546	603	731	2181	986	1093	778	943	1042	1114	1380	1338	1099.08	921	1277	1.389	0.474	3.077	0.00209009974495699	0.0263984866947089	0.0154	0.0155	0.0161	0.0161	TRUE	0.2351
FBgn0033924	747	203	226	923	336	369	376	318	322	471	470	452	401.45	339	464	1.363	0.447	3.064	0.00218149530703374	0.0274375518533197	0.0032	0.0213	0.0126	0.0126	TRUE	0.1221
FBgn0037717	802	284	341	1068	456	518	403	444	486	545	638	634	525.23	444	606	1.365	0.449	3.061	0.00220348805371491	0.0276370726959681	0.0071	0.0191	0.0133	0.0133	TRUE	0.0977
FBgn0020633	2977	1039	1202	3601	1642	1841	1497	1625	1713	1839	2299	2253	1871.08	1612	2130	1.321	0.402	3.06	0.00221667506412579	0.0277197402946414	0.0085	0.0141	0.0118	0.0118	TRUE	0.1784
FBgn0086532	2507	955	1099	3428	1419	1578	1261	1494	1566	1751	1986	1931	1664.91	1440	1889	1.314	0.394	3.057	0.00223593601816138	0.0278503743256621	0.0073	0.0144	0.0113	0.0113	TRUE	0.1504
FBgn0001122	2177	501	457	3318	834	936	1095	784	651	1694	1168	1146	1089.59	843	1336	1.581	0.661	3.056	0.00224174685753699	0.0278634565964845	0.0621	0.0155	0.0327	0.0327	TRUE	0.8374
FBgn0037046	32	9	8	116	29	18	16	14	11	59	41	22	27.24	14	41	2.929	1.55	3.054	0.00225741271452324	0.0280018540021603	0.1192	0.1459	0.1349	0.1349	TRUE	0.0901
FBgn0030361	211	55	81	309	108	147	106	86	115	158	151	180	132.75	102	163	1.58	0.66	3.053	0.00226247059885208	0.0280260437643517	0.0012	0.0396	0.0253	0.0253	TRUE	0.1476
FBgn0039590	2417	940	796	3099	1230	1430	1216	1470	1134	1583	1722	1750	1479.19	1273	1685	1.324	0.405	3.027	0.00246806691007591	0.0304057751298696	0.0098	0.0146	0.0121	0.0121	TRUE	0.2107
FBgn0261931	2088	795	746	2675	1034	1243	1050	1243	1063	1366	1448	1521	1281.97	1119	1445	1.293	0.371	3.017	0.00255089423341091	0.0312979104719722	0.0049	0.015	0.01	0.01	TRUE	0.1091
FBgn0000579	13020	5243	5555	16524	8148	9187	6549	8200	7917	8438	11406	11245	8959.3	7555	10363	1.372	0.456	3.012	0.00259439875244017	0.031659388294324	0.0196	0.0126	0.0164	0.0164	TRUE	0.3243
FBgn0037369	494	146	163	619	247	264	248	228	232	316	346	323	282.36	236	328	1.38	0.465	3.011	0.002601226872222	0.031699816126619	0	0.0251	0.0133	0.0133	TRUE	0.0269
FBgn0000346	152	47	44	205	85	113	76	74	63	105	119	138	95.78	71	121	1.678	0.747	3.01	0.00261514814892382	0.0317407887038964	0	0.0502	0.0325	0.0325	TRUE	0.17
FBgn0035267	42	20	11	91	43	38	21	31	16	46	60	47	36.88	23	51	2.265	1.18	3.01	0.00261236308609888	0.0317407887038964	0.0087	0.111	0.0766	0.0766	TRUE	0.3969
FBgn0083983	167	27	54	340	82	88	84	42	77	174	115	108	99.89	68	132	1.933	0.951	2.996	0.00273269261282975	0.032989855398258	0.081	0.0487	0.0606	0.0606	TRUE	0.884
FBgn0026380	1897	632	784	2395	1063	1071	954	988	1117	1223	1488	1311	1180.34	1020	1341	1.314	0.394	2.993	0.00275828571519997	0.0332099073159857	0.0073	0.0153	0.0115	0.0115	TRUE	0.1094
FBgn0037852	1360	415	473	1602	621	713	684	649	674	818	869	873	761.24	669	853	1.272	0.347	2.99	0.00279359222146203	0.0335901528708594	0	0.017	0.0083	0.0083	TRUE	0.0169
FBgn0004597	437	161	188	665	232	294	220	252	268	340	325	360	293.96	247	342	1.396	0.481	2.98	0.00288146651348667	0.0344629509530806	0.0038	0.0246	0.015	0.015	TRUE	0.1225
FBgn0032422	45	22	20	86	59	50	23	34	29	44	83	61	45.54	29	63	2.212	1.145	2.979	0.00289015134164681	0.0345210394688357	0.0602	0.0922	0.0787	0.0787	TRUE	0.133
FBgn0024841	1400	414	487	1577	678	753	704	648	694	805	949	922	786.99	682	892	1.303	0.381	2.977	0.00290721497763573	0.0346789215189405	0.0041	0.0168	0.0104	0.0104	TRUE	0.0923
FBgn0031018	58	24	13	122	42	46	29	38	19	62	59	56	43.77	29	59	2.089	1.063	2.976	0.00291581353282968	0.0346897182573325	0	0.0954	0.0643	0.0643	TRUE	0.3586
FBgn0011770	462	134	200	690	245	272	232	210	285	352	343	333	292.54	242	343	1.418	0.504	2.971	0.00296741839809177	0.0352107619920942	0.005	0.0246	0.0169	0.0169	TRUE	0.2316
FBgn0035167	107	55	51	210	80	126	54	86	73	107	112	154	97.66	71	124	1.787	0.837	2.97	0.00297805417239525	0.0352442159142524	0.039	0.0495	0.0452	0.0452	TRUE	0.5531
FBgn0036893	267	96	92	390	139	173	134	150	131	199	195	212	170.18	138	202	1.462	0.548	2.964	0.0030361813562959	0.035782553166371	0	0.0336	0.0181	0.0181	TRUE	0.0448
FBgn0032805	337	92	92	624	157	155	170	144	131	319	220	190	195.45	148	243	1.64	0.713	2.956	0.00312064220284838	0.0364061466821303	0.0433	0.0308	0.0361	0.0361	TRUE	0.844
FBgn0026415	69	19	31	126	57	53	35	30	44	64	80	65	52.94	36	70	1.918	0.94	2.955	0.00312733572602577	0.0364232125609379	0	0.081	0.0506	0.0506	TRUE	0.1904
FBgn0261842	89	11	52	187	69	94	45	17	74	95	97	115	73.87	45	102	2.246	1.167	2.946	0.00321631276370803	0.0373290971726114	0.1787	0.0615	0.0957	0.0957	TRUE	0.4403
FBgn0013347	1174	261	368	1579	466	577	591	408	524	806	652	706	614.69	508	721	1.417	0.503	2.937	0.00331849724144561	0.0383178080964872	0.0199	0.0181	0.0193	0.0193	TRUE	0.3247
FBgn0039696	1179	394	450	1424	601	685	593	616	641	727	841	838	709.6	617	802	1.299	0.378	2.934	0.00334546328765175	0.0385797799591348	0.0037	0.0173	0.0104	0.0104	TRUE	0.0861
FBgn0261811	7572	2890	2440	9837	3816	4001	3809	4520	3477	5023	5342	4897	4511.5	3935	5087	1.293	0.371	2.934	0.00335070783554482	0.0385909109335163	0.0098	0.013	0.0113	0.0113	TRUE	0.2025
FBgn0010551	5537	1938	2250	6883	2698	3278	2785	3031	3207	3515	3777	4012	3387.84	3008	3768	1.253	0.326	2.922	0.00347787186062579	0.0399026061566456	0.0042	0.0133	0.0086	0.0086	TRUE	0.0525
FBgn0087041	320	45	97	544	138	166	161	70	138	278	193	203	173.96	123	225	1.807	0.853	2.921	0.00348509569071389	0.0399346797190062	0.0933	0.0331	0.0546	0.0546	TRUE	1.2302
FBgn0031070	1008	465	491	1445	776	855	507	727	700	738	1086	1047	800.8	645	957	1.487	0.572	2.917	0.00353805221068479	0.0404387260278269	0.0396	0.0167	0.0263	0.0263	TRUE	0.4968
FBgn0027945	395	95	99	551	150	220	199	149	141	281	210	269	208.17	163	253	1.544	0.627	2.914	0.00356639105534229	0.0407110310595909	0.0255	0.0297	0.0279	0.0279	TRUE	0.4635
FBgn0010194	2145	649	717	2618	916	1025	1079	1015	1022	1337	1282	1255	1164.95	1039	1291	1.242	0.313	2.908	0.00364057631184194	0.0415053314540969	0	0.0153	0.0074	0.0074	TRUE	0.015
FBgn0053969	524	176	246	796	297	334	264	275	351	406	416	409	353.42	297	410	1.391	0.477	2.907	0.00365107280997468	0.0415724426772116	0.0084	0.0225	0.0162	0.0162	TRUE	0.2717
FBgn0004872	1677	560	526	2615	801	764	844	876	750	1335	1121	935	976.82	823	1130	1.376	0.461	2.905	0.00367613965958434	0.0417524275190574	0.0173	0.0159	0.017	0.017	TRUE	0.1714
FBgn0011754	1280	388	405	1548	520	707	644	607	577	791	728	865	701.95	609	795	1.301	0.38	2.904	0.00368327602364118	0.0417808593474165	0.0037	0.0174	0.0108	0.0108	TRUE	0.0682
FBgn0041627	935	298	328	1140	427	514	470	466	467	582	598	629	535.48	468	603	1.287	0.364	2.903	0.00369612861901138	0.0418739797565887	0	0.019	0.0093	0.0093	TRUE	0.0167
FBgn0046258	4	3	6	45	12	15	2	5	9	23	17	18	12.23	5	19	4.267	2.093	2.894	0.00380792533029098	0.0430324193340402	0.0814	0.31	0.2367	0.2367	TRUE	1.5465
FBgn0038049	1024	422	512	1518	650	801	515	660	730	775	910	980	761.72	635	888	1.403	0.489	2.892	0.00382387798782978	0.0430992906318391	0.0218	0.017	0.0191	0.0191	TRUE	0.3482
FBgn0260768	292	73	99	377	149	163	147	114	141	193	209	200	167.13	134	201	1.476	0.561	2.886	0.00389733663426586	0.0438231692865456	0	0.034	0.0207	0.0207	TRUE	0.1436
FBgn0052185	34	9	7	71	24	29	17	14	10	36	34	35	24.42	14	35	2.48	1.31	2.885	0.00391023098909176	0.0439134035611824	0	0.1614	0.0968	0.0968	TRUE	0.3742
FBgn0053138	2150	909	1057	2992	1482	1683	1081	1422	1506	1528	2075	2060	1612.03	1336	1888	1.413	0.499	2.884	0.00392838813688364	0.0440624430577322	0.0268	0.0144	0.0209	0.0209	TRUE	0.3477
FBgn0265102	176	79	73	300	145	120	89	124	104	153	203	147	136.53	106	168	1.605	0.682	2.88	0.00398063800478902	0.0445930354374998	0.0224	0.0389	0.0321	0.0321	TRUE	0.3252
FBgn0035076	40	9	20	77	33	47	20	14	29	39	46	58	34.29	21	48	2.263	1.178	2.876	0.00402291380538745	0.0450107155049429	0.0245	0.1184	0.0844	0.0844	TRUE	0.3299
FBgn0032253	513	198	203	772	303	288	258	310	289	394	424	353	337.99	286	390	1.375	0.459	2.873	0.00406112302065474	0.0453819174724466	0.0056	0.023	0.0151	0.0151	TRUE	0.0955
FBgn0026598	685	210	261	861	327	398	345	328	372	440	458	487	404.93	348	462	1.323	0.404	2.865	0.00416494255110771	0.0464270110332377	0	0.0212	0.0116	0.0116	TRUE	0.0353
FBgn0283545	41	13	11	73	37	33	21	20	16	37	52	40	31.02	19	43	2.237	1.162	2.864	0.00418297796472186	0.0465704880072367	0	0.1296	0.0787	0.0787	TRUE	0.1976
FBgn0029856	401	153	243	746	288	326	202	239	346	381	403	399	328.41	262	394	1.514	0.599	2.859	0.00425354047025443	0.0472878856249299	0.0366	0.0233	0.0281	0.0281	TRUE	0.8441
FBgn0030966	372	134	158	458	266	286	187	210	225	234	372	350	263.03	207	319	1.533	0.617	2.858	0.00425790232063019	0.0472878856249299	0.0333	0.026	0.0292	0.0292	TRUE	0.682
FBgn0034139	35	10	17	74	29	41	18	16	24	38	41	50	31.01	19	43	2.242	1.165	2.855	0.00430675523900517	0.0476709940469965	0	0.1297	0.0799	0.0799	TRUE	0.1934
FBgn0051125	41	9	10	71	31	32	21	14	14	36	43	39	27.96	16	39	2.325	1.217	2.855	0.0042993534309048	0.0476709940469965	0	0.1425	0.0865	0.0865	TRUE	0.4474
FBgn0259683	253	55	68	373	116	122	127	86	97	190	162	149	135.4	103	167	1.598	0.677	2.854	0.00431238592859022	0.0476709940469965	0.0227	0.0391	0.0322	0.0322	TRUE	0.4951
FBgn0026084	1790	397	431	2309	666	789	900	621	614	1179	932	966	868.79	712	1026	1.436	0.522	2.847	0.00440870524655264	0.0485442050224807	0.033	0.0164	0.0229	0.0229	TRUE	0.6643
FBgn0043806	2519	803	982	3033	1151	1445	1267	1256	1400	1549	1611	1769	1475.22	1308	1643	1.256	0.329	2.845	0.00443847712138803	0.0488124227813137	0.0032	0.0147	0.0089	0.0089	TRUE	0.0539
FBgn0002891	1811	630	601	2225	833	934	911	985	857	1136	1166	1143	1033.07	918	1148	1.252	0.324	2.842	0.00448972983405984	0.0491960919119704	3e-04	0.0157	0.0083	0.0083	TRUE	0.0455
FBgn0031872	838	297	308	1104	406	464	422	465	439	564	568	568	504.18	442	567	1.287	0.364	2.841	0.00450011968317312	0.0492500962413291	0	0.0194	0.0097	0.0097	TRUE	0.0224
FBgn0264344	3	0	2	34	4	10	2	0	3	17	6	12	6.59	2	12	8.066	3.012	2.837	0.00455805066240831	0.0497633182489082	0.1652	0.5646	0.4294	0.4294	TRUE	0.1045
